0 0.749074 0.978385 0.127778 0.044271
0 0.902778 0.961198 0.192593 0.104688
0 0.255093 0.913802 0.165741 0.093229
0 0.511574 0.945833 0.102778 0.010417
0 0.949537 0.893490 0.091667 0.083854
0 0.363426 0.886979 0.119444 0.065625
0 0.810185 0.878646 0.096296 0.073958
0 0.705556 0.893229 0.007407 0.004167
0 0.170833 0.889844 0.006481 0.003646
0 0.458796 0.836979 0.091667 0.071875
0 0.941667 0.833073 0.081481 0.056771
0 0.370833 0.800521 0.076852 0.070833
0 0.686574 0.788802 0.195370 0.101562
0 0.253241 0.758073 0.243519 0.108854
0 0.004630 0.771354 0.009259 0.013542
0 0.564815 0.740104 0.122222 0.096875
0 0.954630 0.701042 0.092593 0.080208
0 0.659259 0.705729 0.207407 0.065625
0 0.803704 0.686198 0.100000 0.057813
0 0.931481 0.656771 0.138889 0.041667
0 0.126389 0.628906 0.060185 0.058854
0 0.421296 0.630990 0.200000 0.113021
0 0.572685 0.615104 0.071296 0.036458
0 0.370370 0.566146 0.164815 0.092708
0 0.983333 0.536979 0.033333 0.071875
0 0.689815 0.540885 0.064815 0.020313
0 0.413426 0.454167 0.189815 0.081250
0 0.294907 0.463021 0.034259 0.020833
0 0.500926 0.369010 0.055556 0.095312
0 0.291204 0.387500 0.039815 0.018750
0 0.481481 0.319010 0.024074 0.019271
