0 0.184259 0.979427 0.175926 0.031771
0 0.864815 0.987500 0.009259 0.005208
0 0.546296 0.964323 0.222222 0.050521
0 0.405093 0.933594 0.060185 0.071354
0 0.138426 0.890625 0.197222 0.078125
0 0.287037 0.879427 0.162963 0.081771
0 0.675926 0.878906 0.205556 0.091146
0 0.861574 0.879948 0.173148 0.071354
0 0.424537 0.862760 0.112037 0.069271
0 0.026852 0.860938 0.053704 0.046875
0 0.758333 0.845313 0.062963 0.033333
0 0.156944 0.831250 0.212037 0.081250
0 0.311574 0.847656 0.004630 0.004687
0 0.571296 0.834375 0.075926 0.036458
0 0.033796 0.771615 0.067593 0.058854
0 0.368056 0.733594 0.006481 0.005729
0 0.170833 0.680729 0.178704 0.050000
0 0.039352 0.651823 0.104630 0.081771
0 0.868519 0.677604 0.025926 0.008333
0 0.300463 0.650781 0.006481 0.003646
0 0.876389 0.612760 0.123148 0.033854
0 0.060185 0.491927 0.137037 0.077604
0 0.057870 0.404427 0.108333 0.070312
0 0.181019 0.362760 0.128704 0.070312
0 0.954167 0.359896 0.032407 0.011458
0 0.444444 0.310417 0.003704 0.004167
0 0.248148 0.303646 0.009259 0.004167
