0 0.958796 0.972656 0.163889 0.090104
0 0.756481 0.969010 0.111111 0.033854
0 0.294444 0.950260 0.101852 0.056771
0 0.074537 0.934635 0.149074 0.022396
0 0.726389 0.920052 0.175000 0.035937
0 0.903704 0.908333 0.116667 0.048958
0 0.254630 0.870573 0.040741 0.041146
0 0.740278 0.825260 0.191667 0.088021
0 0.562037 0.809115 0.146296 0.077604
0 0.370833 0.807552 0.110185 0.065104
0 0.137037 0.812240 0.003704 0.003646
0 0.679630 0.757292 0.122222 0.093750
0 0.424537 0.733073 0.249074 0.069271
0 0.273148 0.727344 0.027778 0.033854
0 0.533333 0.692708 0.155556 0.077083
0 0.431481 0.644271 0.053704 0.076042
0 0.435185 0.573177 0.138889 0.063021
0 0.482407 0.487500 0.164815 0.096875
0 0.536111 0.422396 0.179630 0.104167
0 0.385185 0.410938 0.066667 0.068750
0 0.582407 0.384115 0.022222 0.008854
0 0.431944 0.310156 0.075000 0.050521
