0 0.395833 0.989323 0.100926 0.031771
0 0.529630 0.971875 0.074074 0.065625
0 0.934722 0.962240 0.132407 0.075521
0 0.178704 0.958854 0.092593 0.042708
0 0.690741 0.942969 0.166667 0.083854
0 0.868519 0.907031 0.220370 0.107813
0 0.515278 0.903125 0.186111 0.086458
0 0.194444 0.892708 0.135185 0.084375
0 0.435185 0.883854 0.079630 0.094792
0 0.724537 0.870313 0.137963 0.086458
0 0.272685 0.836458 0.132407 0.090625
0 0.918519 0.853125 0.161111 0.059375
0 0.793981 0.809375 0.180556 0.097917
0 0.545370 0.815104 0.151852 0.063542
0 0.354630 0.776042 0.081481 0.083333
0 0.714815 0.759896 0.264815 0.101042
0 0.886574 0.776302 0.110185 0.044271
0 0.529167 0.736979 0.226852 0.125000
0 0.245370 0.717448 0.144444 0.065104
0 0.414815 0.687240 0.220370 0.123438
0 0.584722 0.690365 0.184259 0.091146
0 0.789352 0.672656 0.180556 0.099479
0 0.055093 0.661458 0.126852 0.062500
0 0.466204 0.629948 0.223148 0.132812
0 0.132407 0.635677 0.025926 0.017188
0 0.343981 0.598958 0.065741 0.080208
0 0.727315 0.595833 0.186111 0.088542
0 0.653704 0.551562 0.168519 0.093750
0 0.449074 0.567969 0.079630 0.040104
0 0.912037 0.534635 0.072222 0.073438
0 0.313426 0.517708 0.093519 0.079167
0 0.746759 0.492969 0.173148 0.088021
0 0.034722 0.512760 0.026852 0.032813
0 0.379167 0.468490 0.234259 0.111979
0 0.543519 0.463802 0.138889 0.080729
0 0.862037 0.469792 0.135185 0.075000
0 0.029167 0.405729 0.130556 0.076042
0 0.631019 0.383594 0.169444 0.097396
0 0.460185 0.396354 0.224074 0.126042
0 0.187500 0.372135 0.271296 0.116146
0 0.360185 0.368750 0.146296 0.056250
0 0.559259 0.344271 0.170370 0.095833
0 0.794444 0.359896 0.048148 0.032292
0 0.058796 0.330208 0.128704 0.068750
0 0.436111 0.314583 0.214815 0.082292
0 0.193519 0.314323 0.229630 0.054688
0 0.579167 0.281771 0.158333 0.088542
0 0.366204 0.266146 0.139815 0.062500
0 0.047222 0.257031 0.144444 0.083854
0 0.515741 0.251823 0.112963 0.083854
0 0.579167 0.193490 0.228704 0.144271
0 0.012037 0.178906 0.024074 0.016146
0 0.575000 0.089323 0.101852 0.089063
0 0.604630 0.031771 0.064815 0.053125
