0 0.329167 0.963021 0.252778 0.112500
0 0.753704 0.953906 0.196296 0.069271
0 0.934722 0.942187 0.143519 0.070833
0 0.187500 0.905990 0.254630 0.119271
0 0.607407 0.891667 0.235185 0.207292
0 0.052778 0.875260 0.146296 0.110937
0 0.801389 0.873958 0.252778 0.130208
0 0.366204 0.896875 0.171296 0.095833
0 0.668056 0.888802 0.006481 0.003646
0 0.091204 0.829167 0.234259 0.137500
0 0.962037 0.826562 0.111111 0.071875
0 0.395370 0.802083 0.185185 0.104167
0 0.742593 0.799740 0.188889 0.085938
0 0.259259 0.772656 0.177778 0.103646
0 0.572222 0.775000 0.227778 0.087500
0 0.431944 0.748958 0.171296 0.091667
0 0.890741 0.781250 0.168519 0.122917
0 0.062037 0.738021 0.237037 0.126042
0 0.772685 0.724740 0.236111 0.132812
0 0.331944 0.704427 0.286111 0.103646
0 0.515278 0.665885 0.106481 0.104688
0 0.074537 0.688802 0.152778 0.033854
0 0.821296 0.657552 0.270370 0.129688
0 0.204167 0.663021 0.189815 0.102083
0 0.660185 0.657031 0.127778 0.040104
0 0.304630 0.601302 0.214815 0.129688
0 0.487963 0.621875 0.148148 0.089583
0 0.900000 0.590625 0.188889 0.107292
0 0.444444 0.600260 0.124074 0.067187
0 0.714352 0.570573 0.156481 0.069271
0 0.246759 0.538542 0.199074 0.089583
0 0.493981 0.528646 0.191667 0.107292
0 0.137500 0.501302 0.137963 0.081771
0 0.382870 0.475000 0.204630 0.116667
0 0.484259 0.450521 0.314815 0.180208
0 0.031944 0.427344 0.063889 0.061979
0 0.411111 0.394531 0.155556 0.099479
0 0.577778 0.370312 0.125926 0.087500
0 0.349074 0.328646 0.238889 0.102083
0 0.546296 0.307552 0.222222 0.104688
0 0.909722 0.313542 0.202778 0.063542
0 0.224074 0.288802 0.203704 0.081771
0 0.471759 0.261979 0.145370 0.095833
0 0.616204 0.238542 0.191667 0.100000
0 0.076389 0.226562 0.197222 0.108333
0 0.498611 0.207292 0.184259 0.100000
0 0.243981 0.222656 0.223148 0.097396
0 0.418519 0.175000 0.196296 0.094792
0 0.620370 0.172917 0.214815 0.071875
0 0.050926 0.172135 0.109259 0.057813
0 0.130093 0.144271 0.199074 0.106250
0 0.425463 0.104167 0.086111 0.081250
0 0.645370 0.096875 0.148148 0.069792
0 0.225463 0.128906 0.023148 0.010937
0 0.048611 0.088542 0.065741 0.069792
0 0.697222 0.045833 0.127778 0.073958
0 0.425000 0.055990 0.040741 0.030729
0 0.032407 0.023698 0.064815 0.047396
