0 0.835185 0.961719 0.244444 0.074479
0 0.042593 0.969271 0.133333 0.061458
0 0.196296 0.963021 0.129630 0.066667
0 0.969444 0.958854 0.129630 0.091667
0 0.478704 0.968490 0.259259 0.133854
0 0.331481 0.948438 0.146296 0.092708
0 0.689352 0.953125 0.126852 0.084375
0 0.879630 0.893490 0.257407 0.108854
0 0.386574 0.888021 0.256481 0.105208
0 0.211111 0.875000 0.137037 0.086458
0 0.087037 0.866406 0.179630 0.103646
0 0.566667 0.870052 0.188889 0.082812
0 0.734722 0.859896 0.187963 0.077083
0 0.014352 0.824740 0.112037 0.098437
0 0.357407 0.829167 0.203704 0.113542
0 0.931944 0.815365 0.197222 0.110937
0 0.485648 0.816927 0.175000 0.085938
0 0.766667 0.779427 0.244444 0.100521
0 0.605093 0.755208 0.149074 0.085417
0 0.081019 0.767708 0.169444 0.041667
0 0.393519 0.748177 0.120370 0.073438
0 0.912037 0.750781 0.170370 0.053646
0 0.188426 0.741927 0.132407 0.035937
0 0.794907 0.714583 0.176852 0.054167
0 0.581019 0.707031 0.221296 0.064062
0 0.300463 0.679688 0.189815 0.104167
0 0.046759 0.666667 0.093519 0.100000
0 0.242130 0.652865 0.152778 0.032813
0 0.410185 0.624219 0.179630 0.073438
0 0.806019 0.603906 0.187963 0.106771
0 0.930093 0.603646 0.110185 0.047917
0 0.608796 0.550521 0.234259 0.131250
0 0.316204 0.549479 0.215741 0.081250
0 0.777315 0.535156 0.202778 0.082812
0 0.073611 0.554167 0.182407 0.068750
0 0.837037 0.538802 0.077778 0.071354
0 0.184259 0.521615 0.172222 0.098437
0 0.504167 0.491667 0.247222 0.134375
0 0.901389 0.488802 0.206481 0.069271
0 0.327315 0.488802 0.110185 0.064062
0 0.617593 0.492188 0.120370 0.060417
0 0.118519 0.469792 0.025926 0.005208
0 0.513889 0.415625 0.124074 0.089583
0 0.243981 0.392448 0.230556 0.074479
0 0.069907 0.354167 0.091667 0.062500
0 0.394907 0.331510 0.230556 0.131771
0 0.518056 0.321354 0.199074 0.108333
0 0.694444 0.292708 0.164815 0.077083
0 0.014815 0.314063 0.029630 0.026042
0 0.435185 0.269792 0.248148 0.075000
0 0.285648 0.234115 0.149074 0.096354
0 0.601852 0.229687 0.172222 0.085417
0 0.545833 0.210677 0.154630 0.095312
0 0.215741 0.187500 0.144444 0.080208
0 0.621296 0.151302 0.190741 0.094271
0 0.625000 0.111979 0.153704 0.039583
0 0.715278 0.087500 0.097222 0.059375
