0 0.934259 0.967969 0.146296 0.061979
0 0.717130 0.956771 0.237963 0.079167
0 0.263889 0.960417 0.237037 0.079167
0 0.046296 0.953906 0.081481 0.073438
0 0.416667 0.941667 0.177778 0.100000
0 0.651852 0.905990 0.185185 0.092188
0 0.843981 0.908073 0.217593 0.114062
0 0.166667 0.919792 0.194444 0.064583
0 0.326852 0.886979 0.218519 0.106250
0 0.445370 0.876302 0.044444 0.063021
0 0.955556 0.881250 0.105556 0.055208
0 0.043519 0.869792 0.120370 0.067708
0 0.615278 0.836198 0.191667 0.098437
0 0.210185 0.836198 0.218519 0.061979
0 0.804630 0.835417 0.205556 0.102083
0 0.942130 0.805469 0.060185 0.054688
0 0.434259 0.790625 0.196296 0.111458
0 0.066204 0.805990 0.147222 0.057813
0 0.330556 0.759896 0.170370 0.095833
0 0.670833 0.781510 0.252778 0.142187
0 0.851389 0.741927 0.175000 0.096354
0 0.557407 0.747917 0.224074 0.061458
0 0.160648 0.750781 0.262037 0.101562
0 0.953241 0.704427 0.089815 0.080729
0 0.400463 0.702865 0.250926 0.134896
0 0.721296 0.714583 0.151852 0.069792
0 0.050926 0.681510 0.153704 0.088021
0 0.250000 0.670573 0.175926 0.097396
0 0.556481 0.654427 0.216667 0.109896
0 0.656019 0.633854 0.043519 0.067708
0 0.192593 0.643490 0.009259 0.005729
0 0.917130 0.634115 0.173148 0.082812
0 0.454167 0.589063 0.187963 0.106250
0 0.039815 0.607552 0.087037 0.067187
0 0.813426 0.595573 0.149074 0.071354
0 0.352315 0.541146 0.162037 0.078125
0 0.641667 0.563281 0.261111 0.149479
0 0.051852 0.541927 0.040741 0.029687
0 0.718519 0.510156 0.214815 0.115104
0 0.485185 0.507812 0.151852 0.088542
0 0.241204 0.498698 0.067593 0.045312
0 0.619444 0.485677 0.146296 0.033854
0 0.068056 0.438802 0.050926 0.023438
0 0.535185 0.396094 0.144444 0.092188
0 0.873148 0.352083 0.231481 0.051042
0 0.732870 0.343490 0.025000 0.022396
0 0.969444 0.292708 0.061111 0.087500
0 0.580556 0.290885 0.148148 0.091146
0 0.949537 0.256771 0.104630 0.039583
0 0.578704 0.219792 0.137037 0.092708
0 0.531944 0.156510 0.182407 0.102604
0 0.497685 0.068490 0.132407 0.093229
0 0.451852 0.021615 0.118519 0.055729
