0 0.930093 0.970573 0.128704 0.056771
0 0.650463 0.996354 0.010185 0.004167
0 0.399074 0.996354 0.007407 0.004167
0 0.809259 0.962240 0.124074 0.063021
0 0.522685 0.960938 0.012037 0.004167
0 0.255093 0.901823 0.178704 0.074479
0 0.811574 0.895052 0.139815 0.076563
0 0.537500 0.850781 0.213889 0.114062
0 0.971296 0.815365 0.009259 0.005729
0 0.103704 0.801562 0.131481 0.026042
0 0.568056 0.765365 0.091667 0.066146
0 0.188889 0.781771 0.005556 0.003125
0 0.738889 0.727344 0.124074 0.073438
0 0.980093 0.729688 0.008333 0.004167
0 0.446296 0.690625 0.166667 0.094792
0 0.265741 0.660677 0.142593 0.061979
0 0.070370 0.666146 0.009259 0.004167
0 0.827315 0.607031 0.219444 0.122396
0 0.560648 0.575521 0.193519 0.105208
0 0.917130 0.581250 0.108333 0.061458
0 0.712500 0.603125 0.025000 0.010417
0 0.093981 0.526042 0.145370 0.084375
0 0.328704 0.533333 0.233333 0.040625
0 0.479630 0.502865 0.118519 0.060937
0 0.061574 0.479167 0.160185 0.068750
0 0.656019 0.469531 0.076852 0.065104
0 0.187037 0.481250 0.138889 0.038542
0 0.952778 0.451042 0.138889 0.077083
0 0.513889 0.453385 0.053704 0.026562
0 0.388889 0.411719 0.131481 0.076563
0 0.137037 0.421615 0.079630 0.048438
0 0.921296 0.391667 0.135185 0.058333
0 0.667130 0.365104 0.210185 0.113542
0 0.492130 0.348177 0.173148 0.097396
0 0.327778 0.323958 0.190741 0.094792
0 0.567130 0.283333 0.171296 0.096875
0 0.754630 0.335156 0.105556 0.067187
0 0.375463 0.244531 0.221296 0.084896
0 0.621296 0.255990 0.146296 0.057813
0 0.981944 0.237760 0.030556 0.063021
0 0.483796 0.228125 0.149074 0.082292
0 0.257870 0.190104 0.178704 0.098958
0 0.408333 0.169792 0.175926 0.088542
0 0.279167 0.139323 0.245370 0.068229
0 0.465741 0.079948 0.185185 0.103646
0 0.546759 0.058854 0.171296 0.064583
