0 0.929688 0.284926 0.907813 0.284926 0.903125 0.289522 0.878125 0.295037 0.870313 0.299632 0.859375 0.303309 0.859375 0.326287 0.860938 0.327206 0.865625 0.327206 0.873437 0.323529 0.882812 0.323529 0.885938 0.325368 0.889062 0.334559 0.895312 0.335478 0.896875 0.332721 0.909375 0.325368 0.928125 0.329044 0.934375 0.327206 0.945312 0.319853 0.943750 0.314338 0.932813 0.309743 0.932813 0.305147 0.937500 0.295956
0 0.976562 0.844669 0.931250 0.843750 0.912500 0.859375 0.879687 0.863971 0.839063 0.878676 0.823438 0.880515 0.821875 0.896140 0.864062 0.909007 0.882812 0.919118 0.898438 0.918199 0.909375 0.913603 0.928125 0.918199 0.946875 0.918199 0.962500 0.910846 0.967187 0.899816 0.962500 0.887868 0.943750 0.875919 0.950000 0.865809 0.957812 0.861213 0.976562 0.856618
0 0.923438 0.218750 0.921875 0.219669 0.921875 0.224265 0.915625 0.229779 0.901563 0.238971 0.896875 0.239890 0.896875 0.253676 0.898438 0.254596 0.910937 0.254596 0.921875 0.251838 0.928125 0.254596 0.929688 0.264706 0.932813 0.269301 0.957812 0.269301 0.968750 0.258272 0.976562 0.255515 0.976562 0.237132 0.971875 0.236213 0.960938 0.228860 0.959375 0.225184 0.953125 0.221507 0.951562 0.218750
0 0.562500 0.619485 0.515625 0.619485 0.514062 0.620404 0.514062 0.622243 0.509375 0.625000 0.507812 0.625000 0.501563 0.628676 0.498437 0.628676 0.496875 0.629596 0.496875 0.638787 0.498437 0.639706 0.504687 0.639706 0.510938 0.642463 0.510938 0.644301 0.515625 0.647978 0.515625 0.650735 0.517188 0.651654 0.529687 0.651654 0.531250 0.650735 0.531250 0.647978 0.537500 0.644301 0.539062 0.641544 0.545312 0.637868 0.553125 0.636029 0.557813 0.633272 0.562500 0.633272 0.564063 0.632353 0.564063 0.620404
0 0.282813 0.876838 0.267188 0.876838 0.251563 0.893382 0.235937 0.900735 0.232813 0.906250 0.226562 0.909926 0.221875 0.910846 0.221875 0.919118 0.228125 0.920037 0.237500 0.924632 0.240625 0.931985 0.248438 0.934743 0.254688 0.934743 0.264062 0.938419 0.271875 0.937500 0.281250 0.933824 0.296875 0.935662 0.307812 0.931985 0.314063 0.926471 0.318750 0.912684 0.328125 0.907169 0.332813 0.906250 0.323437 0.900735 0.304688 0.897059 0.285938 0.884191
0 0.240625 0.671875 0.240625 0.693015 0.248438 0.695772 0.256250 0.706801 0.262500 0.709559 0.267188 0.709559 0.278125 0.704963 0.301563 0.705882 0.307812 0.703125 0.317188 0.701287 0.323437 0.696691 0.325000 0.690257 0.329688 0.687500 0.339062 0.685662 0.339062 0.680147 0.334375 0.679228 0.323437 0.672794 0.318750 0.667279 0.314063 0.664522 0.310937 0.664522 0.306250 0.659926 0.260937 0.659926 0.256250 0.665441 0.245312 0.670956
0 0.632812 0.223346 0.628125 0.222426 0.612500 0.214154 0.610938 0.211397 0.579688 0.211397 0.578125 0.212316 0.578125 0.215074 0.565625 0.224265 0.565625 0.226103 0.562500 0.228860 0.564063 0.237132 0.556250 0.240809 0.546875 0.242647 0.546875 0.251838 0.548438 0.252757 0.575000 0.253676 0.584375 0.250919 0.592187 0.250919 0.606250 0.248162 0.612500 0.244485 0.615625 0.239890 0.625000 0.233456 0.632812 0.230699
0 0.321875 0.642463 0.321875 0.654412 0.323437 0.655331 0.328125 0.655331 0.335938 0.659926 0.335938 0.661765 0.340625 0.667279 0.346875 0.670956 0.353125 0.669118 0.356250 0.667279 0.357812 0.664522 0.362500 0.661765 0.379688 0.661765 0.390625 0.657169 0.396875 0.659926 0.400000 0.659926 0.401562 0.659007 0.401562 0.655331 0.398438 0.654412 0.393750 0.651654 0.392188 0.648897 0.382812 0.644301 0.382812 0.642463 0.381250 0.641544 0.323437 0.641544
0 0.210938 0.836397 0.209375 0.837316 0.209375 0.849265 0.210938 0.850184 0.214062 0.850184 0.221875 0.856618 0.221875 0.860294 0.217188 0.863971 0.223438 0.867647 0.223438 0.871324 0.225000 0.872243 0.234375 0.872243 0.235937 0.871324 0.235937 0.869485 0.239063 0.867647 0.245312 0.865809 0.259375 0.855699 0.262500 0.855699 0.264062 0.854779 0.264062 0.850184 0.262500 0.849265 0.257812 0.849265 0.243750 0.840993 0.242188 0.837316 0.240625 0.836397
0 0.121875 0.821691 0.109375 0.821691 0.107813 0.822610 0.107813 0.824449 0.098437 0.831801 0.098437 0.833640 0.089063 0.839154 0.085938 0.839154 0.084375 0.840074 0.084375 0.862132 0.085938 0.863051 0.090625 0.863051 0.121875 0.844669 0.123438 0.844669 0.128125 0.840993 0.131250 0.840993 0.132812 0.840074 0.132812 0.831801 0.125000 0.828125 0.125000 0.825368
0 0.489063 0.647059 0.487500 0.646140 0.482812 0.646140 0.479687 0.644301 0.479687 0.642463 0.478125 0.641544 0.456250 0.641544 0.454688 0.642463 0.454688 0.644301 0.451562 0.646140 0.448437 0.646140 0.446875 0.647059 0.445312 0.647059 0.440625 0.649816 0.435937 0.649816 0.434375 0.650735 0.434375 0.659926 0.435937 0.660846 0.440625 0.660846 0.450000 0.655331 0.451562 0.655331 0.453125 0.654412 0.456250 0.654412 0.457813 0.653493 0.462500 0.653493 0.464062 0.652574 0.465625 0.652574 0.467187 0.653493 0.470313 0.653493 0.471875 0.654412 0.479687 0.654412 0.481250 0.653493 0.482812 0.653493 0.484375 0.652574 0.487500 0.652574 0.489063 0.651654
0 0.950000 0.604779 0.918750 0.604779 0.917188 0.605699 0.917188 0.607537 0.914062 0.609375 0.910937 0.609375 0.909375 0.610294 0.909375 0.618566 0.910937 0.619485 0.915625 0.619485 0.926562 0.625919 0.926562 0.628676 0.928125 0.629596 0.932813 0.629596 0.934375 0.628676 0.934375 0.626838 0.942187 0.622243 0.945312 0.617647 0.948438 0.615809 0.950000 0.615809 0.951562 0.614890 0.951562 0.605699
0 0.021875 0.381434 0.021875 0.411765 0.026562 0.412684 0.031250 0.415441 0.035937 0.420956 0.040625 0.423713 0.042188 0.427390 0.050000 0.427390 0.051562 0.424632 0.064062 0.417279 0.078125 0.411765 0.092188 0.409007 0.101562 0.404412 0.107813 0.403493 0.107813 0.393382 0.100000 0.390625 0.100000 0.388787 0.095312 0.385110 0.095312 0.381434 0.093750 0.380515 0.023438 0.380515
0 0.459375 0.752757 0.459375 0.762868 0.460938 0.763787 0.465625 0.763787 0.467187 0.764706 0.470313 0.764706 0.471875 0.765625 0.473438 0.764706 0.476562 0.764706 0.478125 0.763787 0.479687 0.763787 0.481250 0.762868 0.482812 0.762868 0.484375 0.761949 0.485938 0.761949 0.490625 0.759191 0.493750 0.759191 0.495312 0.758272 0.495312 0.752757 0.493750 0.751838 0.460938 0.751838
0 0.746875 0.398897 0.745313 0.401654 0.739062 0.405331 0.734375 0.406250 0.734375 0.419118 0.743750 0.421875 0.753125 0.421875 0.754687 0.420956 0.762500 0.421875 0.770312 0.427390 0.784375 0.429228 0.793750 0.434743 0.793750 0.437500 0.796875 0.442096 0.804688 0.442096 0.806250 0.439338 0.809375 0.437500 0.814063 0.436581 0.814063 0.428309 0.809375 0.427390 0.803125 0.423713 0.801562 0.418199 0.800000 0.417279 0.800000 0.412684 0.793750 0.409007 0.790625 0.409007 0.781250 0.406250 0.773438 0.401654 0.771875 0.398897
0 0.859375 0.563419 0.859375 0.570772 0.860938 0.571691 0.870313 0.571691 0.876563 0.569853 0.895312 0.569853 0.898438 0.571691 0.904687 0.573529 0.909375 0.573529 0.915625 0.571691 0.921875 0.571691 0.928125 0.568934 0.931250 0.568934 0.932813 0.568015 0.932813 0.557904 0.931250 0.556985 0.878125 0.556985 0.871875 0.561581 0.867188 0.561581 0.865625 0.562500 0.860938 0.562500
0 0.471875 0.406250 0.448437 0.406250 0.446875 0.407169 0.446875 0.437500 0.448437 0.438419 0.453125 0.438419 0.462500 0.433824 0.462500 0.432904 0.467187 0.430147 0.467187 0.429228 0.468750 0.428309 0.468750 0.426471 0.470313 0.425551 0.470313 0.422794 0.471875 0.421875 0.473438 0.419118 0.476562 0.417279 0.481250 0.417279 0.482812 0.416360 0.482812 0.412684 0.481250 0.411765 0.478125 0.411765 0.473438 0.409007 0.473438 0.407169
0 0.635938 0.362132 0.620313 0.362132 0.618750 0.363051 0.618750 0.365809 0.617188 0.366728 0.617188 0.367647 0.607812 0.373162 0.604688 0.373162 0.603125 0.374081 0.603125 0.386029 0.604688 0.386949 0.607812 0.386949 0.609375 0.386029 0.609375 0.384191 0.612500 0.382353 0.615625 0.382353 0.617188 0.381434 0.623437 0.381434 0.625000 0.380515 0.628125 0.380515 0.631250 0.378676 0.632812 0.378676 0.637500 0.375919 0.637500 0.374081 0.639062 0.373162 0.639062 0.366728 0.637500 0.365809 0.637500 0.363051
0 0.781250 0.479779 0.762500 0.499081 0.750000 0.505515 0.748437 0.522978 0.734375 0.528493 0.734375 0.545956 0.746875 0.551471 0.759375 0.561581 0.773438 0.566176 0.792188 0.577206 0.795312 0.581801 0.807813 0.581801 0.807813 0.575368 0.810937 0.571691 0.807813 0.557904 0.825000 0.544118 0.832812 0.541360 0.832812 0.537684 0.815625 0.528493 0.809375 0.516544 0.809375 0.511949 0.818750 0.502757 0.818750 0.493566 0.812500 0.486213 0.814063 0.480699
0 0.537500 0.068015 0.495312 0.068015 0.493750 0.071691 0.479687 0.080882 0.471875 0.090074 0.459375 0.097426 0.453125 0.098346 0.453125 0.122243 0.464062 0.125000 0.471875 0.125000 0.476562 0.129596 0.465625 0.136949 0.468750 0.144301 0.493750 0.144301 0.498437 0.136949 0.507812 0.133272 0.526563 0.133272 0.532813 0.137868 0.551562 0.127757 0.556250 0.130515 0.564063 0.130515 0.576562 0.125919 0.576562 0.103860 0.568750 0.100184
0 0.682813 0.323529 0.681250 0.322610 0.678125 0.322610 0.675000 0.320772 0.675000 0.318934 0.673438 0.318015 0.639062 0.318015 0.637500 0.318934 0.637500 0.320772 0.631250 0.323529 0.623437 0.323529 0.621875 0.322610 0.614062 0.323529 0.610938 0.326287 0.610938 0.332721 0.607812 0.334559 0.604688 0.334559 0.603125 0.335478 0.603125 0.346507 0.604688 0.347426 0.612500 0.348346 0.617188 0.351103 0.617188 0.352941 0.618750 0.353860 0.626563 0.353860 0.628125 0.352941 0.628125 0.350184 0.651563 0.334559 0.659375 0.333640 0.676562 0.326287 0.681250 0.326287 0.682813 0.325368
0 0.759375 0.455882 0.760938 0.456801 0.767188 0.456801 0.768750 0.457721 0.782813 0.457721 0.784375 0.456801 0.790625 0.456801 0.792188 0.455882 0.795312 0.455882 0.796875 0.454963 0.798438 0.454963 0.801562 0.453125 0.803125 0.453125 0.806250 0.451287 0.806250 0.450368 0.807813 0.449449 0.807813 0.447610 0.806250 0.446691 0.760938 0.446691 0.759375 0.447610
0 0.942187 0.729779 0.940625 0.730699 0.940625 0.734375 0.943750 0.738051 0.942187 0.744485 0.932813 0.750000 0.920312 0.744485 0.910937 0.743566 0.909375 0.744485 0.909375 0.758272 0.923438 0.760110 0.931250 0.762868 0.940625 0.768382 0.943750 0.774816 0.951562 0.781250 0.967187 0.782169 0.981250 0.780331 0.982812 0.779412 0.982812 0.754596 0.976562 0.751838 0.975000 0.746324 0.982812 0.743566 0.982812 0.736213 0.976562 0.735294 0.971875 0.732537 0.970313 0.729779
0 0.928125 0.385110 0.928125 0.406250 0.929688 0.407169 0.937500 0.407169 0.939063 0.408088 0.953125 0.408088 0.954688 0.407169 0.957812 0.407169 0.959375 0.406250 0.960938 0.406250 0.965625 0.403493 0.968750 0.403493 0.970313 0.402574 0.968750 0.401654 0.965625 0.401654 0.962500 0.399816 0.962500 0.398897 0.957812 0.396140 0.957812 0.395221 0.956250 0.394301 0.956250 0.392463 0.951562 0.387868 0.951562 0.385110 0.950000 0.384191 0.929688 0.384191
0 0.731250 0.255515 0.718750 0.255515 0.717187 0.258272 0.710938 0.261949 0.700000 0.263787 0.690625 0.268382 0.685937 0.273897 0.687500 0.280331 0.678125 0.298713 0.671875 0.302390 0.665625 0.303309 0.665625 0.309743 0.670312 0.310662 0.695312 0.324449 0.701562 0.318934 0.704688 0.312500 0.704688 0.306066 0.709375 0.303309 0.720313 0.301471 0.732812 0.293199 0.742188 0.291360 0.746875 0.287684 0.751563 0.286765 0.751563 0.273897 0.743750 0.271140
0 0.426563 0.163603 0.421875 0.162684 0.417187 0.159007 0.417187 0.152574 0.412500 0.142463 0.389062 0.141544 0.385937 0.148897 0.353125 0.161765 0.339062 0.161765 0.325000 0.155331 0.314063 0.156250 0.304688 0.164522 0.296875 0.167279 0.296875 0.180147 0.320312 0.186581 0.331250 0.187500 0.354687 0.200368 0.356250 0.203125 0.371875 0.203125 0.378125 0.197610 0.384375 0.197610 0.395313 0.193934 0.395313 0.189338 0.398438 0.185662 0.415625 0.177390 0.421875 0.170956 0.426563 0.170037
0 0.125000 0.884191 0.123438 0.885110 0.123438 0.886949 0.120313 0.888787 0.117188 0.888787 0.115625 0.889706 0.115625 0.901654 0.117188 0.902574 0.121875 0.902574 0.131250 0.908088 0.132812 0.908088 0.137500 0.910846 0.142187 0.911765 0.145313 0.913603 0.153125 0.914522 0.160938 0.909926 0.162500 0.909926 0.164062 0.909007 0.164062 0.894301 0.162500 0.893382 0.159375 0.893382 0.156250 0.891544 0.156250 0.890625 0.153125 0.887868 0.153125 0.885110 0.151562 0.884191
0 0.815625 0.738051 0.815625 0.754596 0.817187 0.755515 0.821875 0.755515 0.823438 0.756434 0.828125 0.756434 0.829688 0.757353 0.831250 0.757353 0.834375 0.759191 0.834375 0.761029 0.835938 0.761949 0.840625 0.761949 0.842187 0.761029 0.842187 0.759191 0.857812 0.750000 0.862500 0.750000 0.864062 0.749081 0.864062 0.738051 0.862500 0.737132 0.817187 0.737132
0 0.489063 0.340074 0.487500 0.342831 0.482812 0.345588 0.473438 0.346507 0.471875 0.347426 0.471875 0.356618 0.476562 0.357537 0.484375 0.362132 0.484375 0.363971 0.496875 0.370404 0.496875 0.378676 0.493750 0.382353 0.492188 0.389706 0.493750 0.390625 0.503125 0.390625 0.504687 0.389706 0.504687 0.386949 0.507812 0.384191 0.515625 0.379596 0.520312 0.378676 0.520312 0.373162 0.512500 0.369485 0.512500 0.367647 0.507812 0.362132 0.509375 0.358456 0.515625 0.354779 0.520312 0.353860 0.520312 0.351103 0.515625 0.350184 0.512500 0.348346 0.512500 0.346507 0.507812 0.343750 0.507812 0.340993 0.506250 0.340074
0 0.771875 0.620404 0.771875 0.634191 0.773438 0.635110 0.776563 0.635110 0.782813 0.638787 0.784375 0.638787 0.789062 0.641544 0.789062 0.643382 0.790625 0.644301 0.793750 0.644301 0.795312 0.643382 0.795312 0.641544 0.798438 0.639706 0.800000 0.639706 0.807813 0.635110 0.812500 0.635110 0.814063 0.634191 0.814063 0.628676 0.812500 0.627757 0.807813 0.627757 0.803125 0.625000 0.801562 0.625000 0.796875 0.622243 0.796875 0.620404 0.795312 0.619485 0.773438 0.619485
0 0.696875 0.525735 0.698438 0.526654 0.704688 0.526654 0.709375 0.528493 0.720313 0.528493 0.721875 0.527574 0.723437 0.527574 0.726562 0.525735 0.728125 0.525735 0.732812 0.522978 0.732812 0.522059 0.734375 0.521140 0.737500 0.516544 0.742188 0.513787 0.743750 0.513787 0.745313 0.512868 0.745313 0.510110 0.743750 0.509191 0.698438 0.509191 0.696875 0.510110
0 0.764062 0.634191 0.729688 0.634191 0.728125 0.635110 0.728125 0.661765 0.729688 0.662684 0.732812 0.662684 0.737500 0.666360 0.740625 0.666360 0.742188 0.665441 0.742188 0.663603 0.745313 0.661765 0.750000 0.660846 0.757812 0.657169 0.757812 0.652574 0.756250 0.650735 0.750000 0.647059 0.750000 0.643382 0.753125 0.641544 0.764062 0.641544 0.765625 0.640625 0.765625 0.635110
0 0.321875 0.263787 0.321875 0.267463 0.328125 0.272059 0.328125 0.277574 0.346875 0.286765 0.357812 0.287684 0.367188 0.293199 0.373437 0.295037 0.379688 0.295037 0.384375 0.292279 0.390625 0.292279 0.393750 0.290441 0.393750 0.288603 0.396875 0.286765 0.400000 0.286765 0.401562 0.285846 0.401562 0.280331 0.400000 0.279412 0.387500 0.280331 0.385937 0.281250 0.378125 0.281250 0.373437 0.278493 0.371875 0.278493 0.362500 0.272978 0.362500 0.268382 0.359375 0.266544 0.359375 0.263787 0.357812 0.262868 0.323437 0.262868
0 0.171875 0.277574 0.171875 0.288603 0.184375 0.295037 0.207813 0.294118 0.225000 0.306985 0.240625 0.306985 0.251563 0.311581 0.270313 0.306066 0.276562 0.306985 0.285938 0.316176 0.300000 0.321691 0.321875 0.316176 0.345313 0.328125 0.346875 0.331801 0.351562 0.328125 0.357812 0.331801 0.389062 0.331801 0.390625 0.328125 0.401562 0.323529 0.400000 0.307904 0.360938 0.304228 0.339062 0.309743 0.317188 0.301471 0.301563 0.301471 0.281250 0.294118 0.260937 0.292279 0.240625 0.282169 0.214062 0.262868 0.193750 0.262868 0.190625 0.271140
0 0.725000 0.685662 0.698438 0.685662 0.696875 0.686581 0.696875 0.709559 0.698438 0.710478 0.706250 0.710478 0.707812 0.709559 0.707812 0.706801 0.714063 0.703125 0.714063 0.697610 0.712500 0.696691 0.718750 0.693015 0.718750 0.691176 0.723437 0.688419 0.725000 0.688419 0.726562 0.687500 0.726562 0.686581
0 0.200000 0.362132 0.179688 0.362132 0.178125 0.363051 0.178125 0.378676 0.179688 0.379596 0.187500 0.379596 0.189062 0.378676 0.189062 0.376838 0.193750 0.374081 0.193750 0.373162 0.196875 0.371324 0.200000 0.371324 0.201563 0.370404 0.201563 0.363051
0 0.178125 0.822610 0.178125 0.833640 0.179688 0.834559 0.182812 0.834559 0.184375 0.833640 0.185938 0.833640 0.187500 0.832721 0.189062 0.832721 0.190625 0.831801 0.192188 0.831801 0.193750 0.830882 0.195312 0.830882 0.200000 0.828125 0.200000 0.826287 0.201563 0.825368 0.201563 0.822610 0.200000 0.821691 0.179688 0.821691
0 0.478125 0.260110 0.478125 0.267463 0.479687 0.268382 0.482812 0.268382 0.484375 0.269301 0.485938 0.269301 0.493750 0.273897 0.493750 0.275735 0.495312 0.276654 0.500000 0.276654 0.501563 0.275735 0.501563 0.273897 0.507812 0.270221 0.512500 0.270221 0.514062 0.269301 0.514062 0.260110 0.512500 0.259191 0.479687 0.259191
0 0.231250 0.332721 0.218750 0.332721 0.217188 0.333640 0.217188 0.335478 0.214062 0.337316 0.206250 0.339154 0.198437 0.343750 0.198437 0.345588 0.195312 0.347426 0.192188 0.347426 0.190625 0.348346 0.190625 0.371324 0.192188 0.372243 0.220312 0.372243 0.228125 0.363051 0.234375 0.359375 0.239063 0.358456 0.245312 0.355699 0.250000 0.355699 0.251563 0.354779 0.251563 0.347426 0.240625 0.344669 0.237500 0.342831 0.235937 0.338235
0 0.225000 0.759191 0.223438 0.760110 0.223438 0.762868 0.220312 0.764706 0.217188 0.764706 0.215625 0.765625 0.215625 0.774816 0.217188 0.775735 0.226562 0.775735 0.228125 0.776654 0.229687 0.776654 0.232813 0.778493 0.232813 0.779412 0.234375 0.780331 0.246875 0.780331 0.248438 0.779412 0.248438 0.777574 0.253125 0.774816 0.256250 0.774816 0.257812 0.773897 0.257812 0.769301 0.256250 0.768382 0.251563 0.768382 0.243750 0.763787 0.243750 0.762868 0.242188 0.761949 0.242188 0.760110 0.240625 0.759191
0 0.981250 0.119485 0.965625 0.120404 0.962500 0.129596 0.942187 0.141544 0.945312 0.154412 0.940625 0.159926 0.928125 0.165441 0.929688 0.177390 0.940625 0.177390 0.954688 0.170956 0.957812 0.170956 0.962500 0.174632 0.962500 0.185662 0.968750 0.194853 0.946875 0.212316 0.951562 0.214154 0.960938 0.213235 0.968750 0.215993 0.982812 0.212316
0 0.460938 0.288603 0.459375 0.289522 0.459375 0.308824 0.460938 0.309743 0.470313 0.309743 0.475000 0.313419 0.473438 0.324449 0.482812 0.329044 0.490625 0.329963 0.503125 0.325368 0.507812 0.325368 0.514062 0.321691 0.512500 0.309743 0.521875 0.303309 0.526563 0.302390 0.526563 0.289522 0.525000 0.288603 0.495312 0.288603 0.493750 0.289522 0.493750 0.292279 0.489063 0.295037 0.482812 0.295956 0.478125 0.293199 0.475000 0.288603
0 0.257812 0.375000 0.256250 0.374081 0.251563 0.374081 0.250000 0.375000 0.246875 0.375000 0.245312 0.375919 0.242188 0.375919 0.240625 0.376838 0.221875 0.376838 0.207813 0.387868 0.207813 0.397059 0.209375 0.397978 0.256250 0.397978 0.257812 0.397059
0 0.257812 0.351103 0.253125 0.350184 0.235937 0.340074 0.231250 0.332721 0.218750 0.332721 0.214062 0.337316 0.206250 0.339154 0.198437 0.343750 0.189062 0.355699 0.171875 0.365809 0.165625 0.366728 0.159375 0.364890 0.153125 0.365809 0.137500 0.376838 0.121875 0.380515 0.121875 0.385110 0.145313 0.392463 0.151562 0.392463 0.165625 0.383272 0.184375 0.379596 0.203125 0.369485 0.204687 0.370404 0.221875 0.369485 0.235937 0.359375
0 0.137500 0.649816 0.135937 0.648897 0.107813 0.648897 0.106250 0.649816 0.106250 0.651654 0.103125 0.653493 0.098437 0.653493 0.096875 0.654412 0.096875 0.665441 0.098437 0.666360 0.100000 0.666360 0.101562 0.665441 0.101562 0.664522 0.106250 0.661765 0.107813 0.661765 0.109375 0.660846 0.110937 0.660846 0.114062 0.659007 0.115625 0.659007 0.117188 0.658088 0.118750 0.658088 0.120313 0.657169 0.121875 0.657169 0.123438 0.656250 0.125000 0.656250 0.126562 0.655331 0.128125 0.655331 0.131250 0.653493 0.132812 0.653493 0.134375 0.652574 0.135937 0.652574 0.137500 0.651654
0 0.023438 0.593750 0.021875 0.594669 0.021875 0.630515 0.031250 0.632353 0.034375 0.634191 0.034375 0.636029 0.031250 0.637868 0.021875 0.639706 0.032813 0.642463 0.039062 0.647978 0.039062 0.650735 0.040625 0.651654 0.045312 0.651654 0.048438 0.647059 0.050000 0.613051 0.045312 0.606618 0.034375 0.599265 0.032813 0.594669 0.031250 0.593750
0 0.400000 0.476103 0.368750 0.476103 0.367188 0.477022 0.365625 0.488051 0.360938 0.490809 0.356250 0.496324 0.356250 0.504596 0.350000 0.508272 0.342187 0.509191 0.334375 0.511949 0.329688 0.511949 0.328125 0.512868 0.328125 0.520221 0.335938 0.522059 0.340625 0.526654 0.346875 0.526654 0.348438 0.525735 0.348438 0.523897 0.359375 0.516544 0.381250 0.496324 0.390625 0.490809 0.407813 0.486213 0.407813 0.481618 0.401562 0.478860