0 0.604688 0.928309 0.603125 0.929228 0.603125 0.941176 0.607812 0.942096 0.618750 0.949449 0.626563 0.958640 0.634375 0.961397 0.642188 0.965993 0.642188 0.967831 0.646875 0.970588 0.650000 0.976103 0.656250 0.979779 0.656250 0.981618 0.659375 0.982537 0.660937 0.981618 0.660937 0.978860 0.667188 0.975184 0.668750 0.971507 0.676562 0.967831 0.676562 0.953125 0.671875 0.952206 0.665625 0.948529 0.646875 0.943934 0.639062 0.939338 0.628125 0.928309
0 0.492188 0.943015 0.490625 0.943934 0.490625 0.973346 0.495312 0.974265 0.503125 0.979779 0.509375 0.993566 0.517188 0.999081 0.557813 0.999081 0.559375 0.995404 0.568750 0.988971 0.568750 0.980699 0.562500 0.977022 0.551562 0.965993 0.548438 0.956801 0.543750 0.952206 0.535937 0.947610 0.534375 0.943934 0.532813 0.943015
0 0.804688 0.784926 0.803125 0.785846 0.803125 0.787684 0.795312 0.792279 0.792188 0.792279 0.790625 0.793199 0.790625 0.811581 0.792188 0.812500 0.795312 0.812500 0.801562 0.816176 0.806250 0.816176 0.807813 0.817096 0.817187 0.816176 0.820312 0.817096 0.825000 0.820772 0.828125 0.820772 0.829688 0.819853 0.829688 0.818015 0.834375 0.815257 0.835938 0.815257 0.853125 0.805147 0.856250 0.805147 0.857812 0.804228 0.857812 0.799632 0.856250 0.798713 0.853125 0.798713 0.843750 0.793199 0.835938 0.790441 0.831250 0.787684 0.831250 0.785846 0.829688 0.784926
0 0.659375 0.877757 0.659375 0.888787 0.660937 0.889706 0.665625 0.889706 0.670312 0.892463 0.676562 0.902574 0.684375 0.905331 0.687500 0.905331 0.695312 0.908088 0.704688 0.908088 0.706250 0.907169 0.709375 0.907169 0.717187 0.903493 0.718750 0.901654 0.718750 0.898897 0.726562 0.895221 0.726562 0.891544 0.725000 0.890625 0.721875 0.890625 0.718750 0.888787 0.709375 0.876838 0.660937 0.876838
0 0.596875 0.123162 0.570312 0.123162 0.568750 0.126838 0.546875 0.138787 0.532813 0.141544 0.520312 0.148897 0.490625 0.159007 0.490625 0.178309 0.496875 0.181066 0.500000 0.190257 0.509375 0.196691 0.526563 0.199449 0.534375 0.196691 0.539062 0.185662 0.532813 0.178309 0.532813 0.172794 0.539062 0.168199 0.553125 0.167279 0.565625 0.172794 0.570312 0.172794 0.584375 0.162684 0.603125 0.160846 0.640625 0.184743 0.645312 0.183824 0.645312 0.174632 0.635938 0.170956 0.618750 0.142463
0 0.215625 0.804228 0.215625 0.816176 0.228125 0.818934 0.239063 0.826287 0.259375 0.836397 0.260937 0.839154 0.271875 0.839154 0.273438 0.836397 0.279687 0.832721 0.292187 0.828125 0.306250 0.819853 0.310937 0.815257 0.315625 0.812500 0.320312 0.811581 0.318750 0.808824 0.306250 0.807904 0.293750 0.810662 0.284375 0.815257 0.273438 0.815257 0.260937 0.812500 0.251563 0.806985 0.250000 0.803309 0.217188 0.803309
0 0.314063 0.457721 0.289062 0.457721 0.285938 0.462316 0.276562 0.468750 0.262500 0.469669 0.253125 0.473346 0.248438 0.473346 0.246875 0.474265 0.246875 0.480699 0.248438 0.481618 0.257812 0.481618 0.265625 0.485294 0.265625 0.487132 0.260937 0.489890 0.257812 0.493566 0.262500 0.497243 0.271875 0.496324 0.278125 0.500919 0.285938 0.500919 0.287500 0.498162 0.295312 0.493566 0.303125 0.490809 0.315625 0.483456 0.326562 0.480699 0.326562 0.470588 0.318750 0.466912
0 0.773438 0.924632 0.771875 0.925551 0.771875 0.945772 0.773438 0.946691 0.776563 0.946691 0.779687 0.948529 0.781250 0.951287 0.785937 0.953125 0.789062 0.953125 0.790625 0.954044 0.796875 0.954044 0.798438 0.954963 0.809375 0.954963 0.825000 0.944853 0.826562 0.943015 0.826562 0.939338 0.825000 0.938419 0.825000 0.936581 0.820312 0.931066 0.815625 0.928309 0.806250 0.928309 0.804688 0.929228 0.801562 0.929228 0.795312 0.924632
0 0.656250 0.351103 0.654687 0.352022 0.654687 0.354779 0.651563 0.356618 0.648438 0.360294 0.645312 0.362132 0.642188 0.362132 0.640625 0.363051 0.640625 0.370404 0.642188 0.371324 0.646875 0.371324 0.653125 0.375000 0.654687 0.375000 0.657813 0.376838 0.660937 0.376838 0.667188 0.380515 0.667188 0.382353 0.668750 0.383272 0.673438 0.383272 0.675000 0.382353 0.675000 0.379596 0.681250 0.375000 0.685937 0.374081 0.696875 0.368566 0.700000 0.368566 0.701562 0.367647 0.701562 0.363051 0.700000 0.362132 0.696875 0.362132 0.693750 0.360294 0.693750 0.359375 0.687500 0.354779 0.687500 0.352022 0.685937 0.351103
0 0.378125 0.245404 0.378125 0.261949 0.379688 0.262868 0.387500 0.262868 0.389062 0.263787 0.398438 0.263787 0.407813 0.266544 0.410938 0.265625 0.417187 0.265625 0.420312 0.264706 0.428125 0.267463 0.434375 0.267463 0.437500 0.265625 0.439063 0.263787 0.439063 0.261029 0.440625 0.260110 0.437500 0.256434 0.429688 0.251838 0.418750 0.249081 0.414062 0.246324 0.412500 0.244485 0.379688 0.244485
0 0.412500 0.784926 0.400000 0.784926 0.398438 0.785846 0.396875 0.790441 0.393750 0.792279 0.393750 0.793199 0.389062 0.795956 0.385937 0.795956 0.384375 0.796875 0.384375 0.816176 0.385937 0.817096 0.396875 0.817096 0.398438 0.816176 0.398438 0.814338 0.403125 0.811581 0.404687 0.811581 0.406250 0.810662 0.406250 0.809743 0.412500 0.805147 0.412500 0.803309 0.417187 0.800551 0.418750 0.800551 0.420312 0.799632 0.420312 0.790441 0.414062 0.787684 0.414062 0.785846
0 0.765625 0.501838 0.764062 0.502757 0.762500 0.506434 0.753125 0.511949 0.748437 0.511949 0.746875 0.512868 0.746875 0.530331 0.748437 0.531250 0.753125 0.531250 0.757812 0.533088 0.782813 0.533088 0.787500 0.531250 0.787500 0.530331 0.790625 0.528493 0.793750 0.524816 0.793750 0.522059 0.795312 0.521140 0.795312 0.517463 0.801562 0.514706 0.801562 0.508272 0.800000 0.507353 0.796875 0.507353 0.792188 0.504596 0.792188 0.502757 0.790625 0.501838
0 0.696875 0.925551 0.696875 0.936581 0.698438 0.937500 0.703125 0.937500 0.704688 0.938419 0.710938 0.939338 0.723437 0.945772 0.735938 0.960478 0.739062 0.960478 0.740625 0.958640 0.751563 0.953125 0.756250 0.953125 0.757812 0.952206 0.757812 0.945772 0.751563 0.943015 0.751563 0.940257 0.750000 0.938419 0.739062 0.931985 0.731250 0.929228 0.728125 0.927390 0.728125 0.925551 0.726562 0.924632 0.698438 0.924632
0 0.453125 0.693934 0.465625 0.697610 0.495312 0.688419 0.509375 0.686581 0.515625 0.688419 0.534375 0.699449 0.535937 0.703125 0.543750 0.703125 0.545312 0.700368 0.551562 0.697610 0.556250 0.689338 0.570312 0.681066 0.565625 0.680147 0.550000 0.670037 0.535937 0.668199 0.531250 0.663603 0.523438 0.663603 0.521875 0.666360 0.514062 0.670956 0.509375 0.671875 0.501563 0.670956 0.493750 0.663603 0.473438 0.663603 0.471875 0.666360 0.460938 0.673713 0.453125 0.676471
0 0.568750 0.784926 0.560937 0.804228 0.534375 0.814338 0.534375 0.826287 0.539062 0.827206 0.545312 0.832721 0.542188 0.838235 0.545312 0.840993 0.551562 0.840993 0.564063 0.836397 0.570312 0.836397 0.582812 0.841912 0.589063 0.847426 0.582812 0.856618 0.595313 0.857537 0.606250 0.847426 0.606250 0.842831 0.600000 0.836397 0.606250 0.830882 0.614062 0.828125 0.614062 0.817096 0.607812 0.814338 0.607812 0.811581 0.614062 0.808824 0.614062 0.795037 0.609375 0.794118 0.600000 0.788603 0.598437 0.784926
0 0.573438 0.729779 0.571875 0.730699 0.571875 0.742647 0.575000 0.743566 0.579688 0.747243 0.581250 0.758272 0.584375 0.761029 0.584375 0.764706 0.585938 0.765625 0.600000 0.765625 0.604688 0.761949 0.607812 0.761949 0.614062 0.759191 0.618750 0.759191 0.620313 0.758272 0.620313 0.751838 0.617188 0.750919 0.614062 0.749081 0.614062 0.748162 0.620313 0.745404 0.620313 0.738971 0.618750 0.738051 0.615625 0.738051 0.606250 0.732537 0.606250 0.730699 0.604688 0.729779
0 0.315625 0.734375 0.315625 0.749081 0.317188 0.750000 0.321875 0.750000 0.323437 0.750919 0.326562 0.750919 0.334375 0.753676 0.346875 0.753676 0.348438 0.752757 0.356250 0.752757 0.360938 0.750919 0.364063 0.750919 0.367188 0.750000 0.371875 0.747243 0.375000 0.747243 0.376563 0.746324 0.376563 0.742647 0.364063 0.738971 0.353125 0.738971 0.351562 0.739890 0.348438 0.739890 0.345313 0.740809 0.342187 0.738971 0.340625 0.737132 0.340625 0.734375 0.339062 0.733456 0.317188 0.733456
0 0.354687 0.652574 0.345313 0.662684 0.345313 0.670037 0.335938 0.674632 0.321875 0.674632 0.321875 0.697610 0.343750 0.696691 0.364063 0.711397 0.371875 0.711397 0.384375 0.705882 0.390625 0.705882 0.401562 0.718750 0.421875 0.717831 0.432812 0.725184 0.437500 0.725184 0.443750 0.714154 0.434375 0.706801 0.437500 0.698529 0.451562 0.693015 0.451562 0.687500 0.426563 0.676471 0.414062 0.665441 0.396875 0.659926 0.401562 0.655331 0.400000 0.652574 0.385937 0.653493 0.395313 0.662684 0.382812 0.670037 0.375000 0.668199 0.367188 0.653493
0 0.515625 0.404412 0.517188 0.416360 0.535937 0.416360 0.550000 0.421875 0.578125 0.407169 0.587500 0.406250 0.601562 0.417279 0.615625 0.420956 0.607812 0.426471 0.595313 0.430147 0.595313 0.431985 0.609375 0.438419 0.629687 0.439338 0.637500 0.436581 0.650000 0.436581 0.667188 0.441176 0.671875 0.445772 0.676562 0.445772 0.678125 0.435662 0.689063 0.431985 0.687500 0.425551 0.673438 0.423713 0.665625 0.416360 0.640625 0.404412 0.621875 0.401654 0.595313 0.384191 0.575000 0.384191 0.567187 0.390625 0.548438 0.393382 0.535937 0.399816
0 0.679688 0.766544 0.678125 0.767463 0.678125 0.780331 0.679688 0.781250 0.682813 0.781250 0.685937 0.783088 0.687500 0.783088 0.695312 0.787684 0.695312 0.790441 0.696875 0.791360 0.698438 0.790441 0.698438 0.788603 0.701562 0.786765 0.703125 0.786765 0.704688 0.785846 0.704688 0.784926 0.707812 0.782169 0.707812 0.779412 0.706250 0.778493 0.706250 0.776654 0.701562 0.773897 0.701562 0.772978 0.696875 0.770221 0.696875 0.767463 0.695312 0.766544
0 0.253125 0.882353 0.254688 0.883272 0.262500 0.883272 0.264062 0.882353 0.264062 0.880515 0.273438 0.875000 0.275000 0.875000 0.278125 0.873162 0.281250 0.873162 0.282813 0.872243 0.287500 0.872243 0.289062 0.871324 0.289062 0.867647 0.287500 0.866728 0.284375 0.866728 0.281250 0.864890 0.281250 0.863051 0.279687 0.862132 0.254688 0.862132 0.253125 0.863051
0 0.375000 0.564338 0.348438 0.564338 0.346875 0.565257 0.346875 0.567096 0.343750 0.568934 0.342187 0.568934 0.339062 0.570772 0.335938 0.570772 0.334375 0.571691 0.334375 0.588235 0.335938 0.589154 0.343750 0.589154 0.345313 0.588235 0.345313 0.586397 0.350000 0.583640 0.350000 0.582721 0.353125 0.580882 0.353125 0.579963 0.362500 0.574449 0.367188 0.573529 0.371875 0.570772 0.375000 0.570772 0.376563 0.569853 0.376563 0.565257
0 0.542188 0.909926 0.540625 0.910846 0.540625 0.912684 0.532813 0.917279 0.529687 0.917279 0.528125 0.918199 0.528125 0.928309 0.529687 0.929228 0.534375 0.929228 0.535937 0.930147 0.545312 0.930147 0.546875 0.931066 0.548438 0.931066 0.551562 0.932904 0.551562 0.933824 0.553125 0.934743 0.554688 0.933824 0.554688 0.932904 0.568750 0.924632 0.568750 0.923713 0.570312 0.922794 0.570312 0.917279 0.568750 0.916360 0.568750 0.915441 0.564063 0.912684 0.564063 0.910846 0.562500 0.909926
0 0.696875 0.833640 0.696875 0.843750 0.698438 0.844669 0.704688 0.844669 0.706250 0.845588 0.723437 0.844669 0.728125 0.847426 0.728125 0.855699 0.723437 0.862132 0.726562 0.866728 0.732812 0.869485 0.734375 0.872243 0.737500 0.871324 0.737500 0.869485 0.753125 0.860294 0.770312 0.860294 0.778125 0.856618 0.782813 0.855699 0.781250 0.853860 0.778125 0.853860 0.775000 0.852022 0.760938 0.848346 0.756250 0.843750 0.748437 0.839154 0.740625 0.837316 0.737500 0.835478 0.735938 0.832721 0.698438 0.832721
0 0.796875 0.760110 0.796875 0.775735 0.798438 0.776654 0.807813 0.776654 0.809375 0.775735 0.815625 0.775735 0.818750 0.777574 0.820312 0.777574 0.825000 0.781250 0.829688 0.782169 0.832812 0.784007 0.835938 0.784007 0.842187 0.785846 0.853125 0.785846 0.860938 0.781250 0.864062 0.777574 0.864062 0.775735 0.862500 0.774816 0.862500 0.767463 0.857812 0.762868 0.857812 0.760110 0.856250 0.759191 0.798438 0.759191
0 0.746875 0.885110 0.746875 0.891544 0.748437 0.892463 0.751563 0.892463 0.753125 0.893382 0.754687 0.893382 0.756250 0.894301 0.757812 0.894301 0.759375 0.895221 0.760938 0.895221 0.765625 0.897059 0.768750 0.897059 0.770312 0.897978 0.775000 0.898897 0.778125 0.900735 0.785937 0.900735 0.790625 0.897978 0.793750 0.897978 0.795312 0.897059 0.795312 0.892463 0.793750 0.891544 0.790625 0.891544 0.789062 0.890625 0.787500 0.890625 0.782813 0.888787 0.779687 0.888787 0.776563 0.886949 0.776563 0.885110 0.775000 0.884191 0.748437 0.884191
0 0.873437 0.773897 0.871875 0.774816 0.871875 0.788603 0.873437 0.789522 0.876563 0.789522 0.879687 0.791360 0.881250 0.791360 0.885938 0.794118 0.887500 0.794118 0.892188 0.796875 0.893750 0.796875 0.895312 0.797794 0.906250 0.797794 0.907813 0.796875 0.907813 0.783088 0.906250 0.782169 0.904687 0.782169 0.898438 0.778493 0.898438 0.777574 0.896875 0.776654 0.896875 0.774816 0.895312 0.773897
0 0.828125 0.864890 0.829688 0.873162 0.837500 0.874081 0.851562 0.881434 0.864062 0.882353 0.870313 0.889706 0.876563 0.893382 0.882812 0.894301 0.898438 0.891544 0.926562 0.879596 0.940625 0.879596 0.950000 0.882353 0.959375 0.882353 0.964063 0.877757 0.959375 0.861213 0.954688 0.854779 0.920312 0.854779 0.912500 0.862132 0.903125 0.861213 0.895312 0.854779 0.840625 0.854779 0.835938 0.862132
0 0.542188 0.729779 0.540625 0.730699 0.540625 0.761029 0.542188 0.761949 0.543750 0.761949 0.548438 0.765625 0.553125 0.765625 0.554688 0.764706 0.554688 0.762868 0.565625 0.756434 0.568750 0.756434 0.570312 0.755515 0.570312 0.744485 0.568750 0.743566 0.565625 0.743566 0.556250 0.738051 0.556250 0.730699 0.554688 0.729779
0 0.071875 0.278493 0.071875 0.290441 0.090625 0.295956 0.087500 0.306985 0.110937 0.306066 0.121875 0.314338 0.128125 0.314338 0.146875 0.305147 0.173437 0.308824 0.181250 0.313419 0.195312 0.311581 0.195312 0.307904 0.167187 0.295037 0.167187 0.287684 0.160938 0.284926 0.146875 0.284007 0.145313 0.290441 0.135937 0.294118 0.129688 0.294118 0.125000 0.291360 0.125000 0.287684 0.134375 0.281250 0.134375 0.270221 0.159375 0.257353 0.173437 0.255515 0.160938 0.244485 0.139063 0.244485 0.126562 0.256434
0 0.723437 0.613971 0.721875 0.613971 0.718750 0.615809 0.718750 0.616728 0.717187 0.617647 0.717187 0.618566 0.715625 0.619485 0.715625 0.620404 0.714063 0.621324 0.714063 0.623162 0.712500 0.624081 0.712500 0.628676 0.714063 0.629596 0.729688 0.629596 0.731250 0.628676 0.731250 0.624081 0.729688 0.623162 0.729688 0.620404 0.728125 0.619485 0.728125 0.617647 0.726562 0.616728 0.726562 0.615809
0 0.609375 0.618566 0.623437 0.619485 0.634375 0.616728 0.648438 0.616728 0.668750 0.623162 0.678125 0.623162 0.682813 0.619485 0.682813 0.615809 0.675000 0.601103 0.687500 0.591912 0.701562 0.590074 0.721875 0.595588 0.731250 0.590993 0.762500 0.582721 0.768750 0.582721 0.770312 0.580882 0.760938 0.578125 0.732812 0.575368 0.715625 0.564338 0.714063 0.560662 0.632812 0.560662 0.631250 0.564338 0.620313 0.570772 0.617188 0.581801 0.609375 0.584559 0.609375 0.589154 0.617188 0.590074 0.634375 0.601103 0.617188 0.613971 0.609375 0.614890
0 0.721875 0.771140 0.721875 0.776654 0.723437 0.777574 0.726562 0.777574 0.728125 0.778493 0.729688 0.778493 0.731250 0.779412 0.735938 0.779412 0.737500 0.780331 0.750000 0.780331 0.751563 0.779412 0.756250 0.779412 0.757812 0.778493 0.757812 0.771140 0.756250 0.770221 0.723437 0.770221
0 0.606250 0.049632 0.585938 0.049632 0.584375 0.050551 0.584375 0.052390 0.575000 0.059743 0.571875 0.065257 0.559375 0.075368 0.559375 0.079044 0.554688 0.086397 0.548438 0.091912 0.539062 0.097426 0.534375 0.098346 0.534375 0.106618 0.539062 0.107537 0.546875 0.112132 0.548438 0.114890 0.556250 0.113971 0.557813 0.108456 0.578125 0.096507 0.581250 0.085478 0.595313 0.077206 0.598437 0.070772 0.593750 0.065257 0.593750 0.060662 0.601562 0.056066 0.607812 0.055147 0.607812 0.050551
0 0.346875 0.375000 0.346875 0.381434 0.348438 0.382353 0.362500 0.382353 0.364063 0.383272 0.365625 0.383272 0.370312 0.386029 0.376563 0.386029 0.382812 0.382353 0.382812 0.381434 0.385937 0.379596 0.385937 0.377757 0.387500 0.376838 0.387500 0.374081 0.385937 0.373162 0.385937 0.370404 0.384375 0.369485 0.357812 0.369485 0.356250 0.370404 0.356250 0.372243 0.353125 0.374081 0.348438 0.374081
0 0.625000 0.009191 0.595313 0.009191 0.593750 0.010110 0.593750 0.012868 0.590625 0.014706 0.587500 0.018382 0.581250 0.022059 0.578125 0.022978 0.578125 0.036765 0.579688 0.037684 0.584375 0.037684 0.585938 0.036765 0.585938 0.034926 0.589063 0.033088 0.592187 0.034926 0.592187 0.036765 0.593750 0.037684 0.601562 0.037684 0.603125 0.036765 0.603125 0.034007 0.604688 0.032169 0.621875 0.022059 0.625000 0.022059 0.626563 0.021140 0.626563 0.010110
0 0.328125 0.804228 0.328125 0.814338 0.329688 0.815257 0.334375 0.815257 0.340625 0.818934 0.350000 0.818934 0.351562 0.818015 0.356250 0.818015 0.357812 0.817096 0.357812 0.804228 0.356250 0.803309 0.329688 0.803309
0 0.559375 0.597426 0.540625 0.597426 0.539062 0.600184 0.517188 0.613051 0.510938 0.619485 0.496875 0.626838 0.492188 0.626838 0.490625 0.627757 0.490625 0.641544 0.498437 0.644301 0.507812 0.651654 0.507812 0.654412 0.509375 0.655331 0.521875 0.655331 0.523438 0.654412 0.523438 0.648897 0.529687 0.645221 0.529687 0.640625 0.535937 0.634191 0.553125 0.625919 0.556250 0.622243 0.556250 0.613971 0.562500 0.608456 0.562500 0.602941
0 0.703125 0.446691 0.701562 0.449449 0.685937 0.458640 0.678125 0.466912 0.670312 0.471507 0.665625 0.472426 0.665625 0.488051 0.670312 0.488971 0.682813 0.495404 0.687500 0.495404 0.695312 0.490809 0.701562 0.491728 0.707812 0.495404 0.709375 0.500919 0.731250 0.500919 0.734375 0.495404 0.740625 0.491728 0.753125 0.488971 0.757812 0.486213 0.762500 0.486213 0.764062 0.482537 0.757812 0.479779 0.756250 0.472426 0.743750 0.464154 0.723437 0.456801 0.718750 0.447610 0.717187 0.446691
0 0.468750 0.424632 0.451562 0.424632 0.448437 0.429228 0.439063 0.434743 0.434375 0.435662 0.426563 0.441176 0.423438 0.441176 0.421875 0.442096 0.421875 0.463235 0.423438 0.464154 0.426563 0.464154 0.431250 0.467831 0.439063 0.471507 0.445312 0.470588 0.451562 0.467831 0.456250 0.464154 0.456250 0.460478 0.457813 0.459559 0.457813 0.457721 0.460938 0.455882 0.471875 0.453125 0.484375 0.444853 0.487500 0.444853 0.489063 0.443934 0.489063 0.435662 0.478125 0.431985 0.470313 0.427390 0.470313 0.425551
0 0.623437 0.737132 0.621875 0.738051 0.621875 0.754596 0.623437 0.755515 0.626563 0.755515 0.632812 0.759191 0.632812 0.761029 0.634375 0.761949 0.651563 0.761949 0.653125 0.761029 0.653125 0.759191 0.657813 0.754596 0.657813 0.750000 0.659375 0.749081 0.659375 0.748162 0.657813 0.747243 0.656250 0.744485 0.653125 0.742647 0.651563 0.742647 0.646875 0.739890 0.646875 0.738051 0.645312 0.737132
0 0.584375 0.545956 0.582812 0.546875 0.582812 0.551471 0.584375 0.552390 0.582812 0.554228 0.571875 0.559743 0.567187 0.559743 0.565625 0.560662 0.565625 0.571691 0.567187 0.572610 0.571875 0.572610 0.584375 0.581801 0.600000 0.581801 0.601562 0.580882 0.601562 0.578125 0.606250 0.572610 0.606250 0.569853 0.607812 0.568934 0.607812 0.567096 0.612500 0.564338 0.615625 0.560662 0.609375 0.556985 0.606250 0.552390 0.601562 0.549632 0.601562 0.546875 0.600000 0.545956
0 0.609375 0.656250 0.609375 0.663603 0.610938 0.664522 0.617188 0.664522 0.626563 0.667279 0.640625 0.674632 0.656250 0.675551 0.670312 0.682904 0.687500 0.687500 0.692187 0.692096 0.706250 0.692096 0.707812 0.689338 0.715625 0.686581 0.720313 0.682904 0.720313 0.681066 0.703125 0.671875 0.685937 0.667279 0.673438 0.660846 0.662500 0.650735 0.654687 0.646140 0.651563 0.641544 0.637500 0.641544 0.634375 0.646140 0.625000 0.651654
0 0.296875 0.355699 0.296875 0.370404 0.298438 0.371324 0.312500 0.371324 0.314063 0.370404 0.317188 0.370404 0.318750 0.369485 0.320312 0.369485 0.325000 0.367647 0.328125 0.367647 0.329688 0.366728 0.332813 0.366728 0.334375 0.365809 0.337500 0.365809 0.339062 0.364890 0.339062 0.363971 0.337500 0.363051 0.334375 0.363051 0.332813 0.362132 0.331250 0.362132 0.329688 0.361213 0.325000 0.360294 0.320312 0.357537 0.320312 0.355699 0.318750 0.354779 0.298438 0.354779
0 0.396875 0.907169 0.398438 0.927390 0.410938 0.929228 0.428125 0.925551 0.445312 0.926471 0.468750 0.920037 0.473438 0.920037 0.495312 0.931985 0.496875 0.934743 0.510938 0.924632 0.514062 0.917279 0.520312 0.914522 0.501563 0.904412 0.500000 0.901654 0.490625 0.896140 0.476562 0.901654 0.465625 0.897059 0.457813 0.897059 0.451562 0.893382 0.450000 0.887868 0.429688 0.887868 0.428125 0.892463 0.401562 0.906250
0 0.490625 0.763787 0.490625 0.774816 0.492188 0.775735 0.495312 0.775735 0.496875 0.776654 0.500000 0.776654 0.501563 0.777574 0.503125 0.777574 0.506250 0.779412 0.507812 0.779412 0.510938 0.781250 0.510938 0.783088 0.512500 0.784007 0.517188 0.784007 0.518750 0.783088 0.518750 0.781250 0.521875 0.779412 0.523438 0.779412 0.525000 0.778493 0.531250 0.778493 0.532813 0.777574 0.532813 0.767463 0.531250 0.766544 0.529687 0.766544 0.526563 0.764706 0.526563 0.763787 0.525000 0.762868 0.492188 0.762868
0 0.721875 0.612132 0.710938 0.628676 0.710938 0.638787 0.740625 0.656250 0.750000 0.667279 0.753125 0.677390 0.746875 0.686581 0.746875 0.693015 0.781250 0.702206 0.800000 0.700368 0.818750 0.710478 0.820312 0.714154 0.851562 0.714154 0.853125 0.711397 0.842187 0.707721 0.821875 0.693015 0.837500 0.674632 0.835938 0.670956 0.814063 0.663603 0.795312 0.664522 0.790625 0.661765 0.789062 0.655331 0.782813 0.651654 0.765625 0.646140 0.750000 0.646140 0.732812 0.634191 0.729688 0.621324
0 0.259375 0.530331 0.259375 0.536765 0.267188 0.539522 0.267188 0.543199 0.259375 0.545956 0.259375 0.565257 0.264062 0.566176 0.271875 0.570772 0.289062 0.569853 0.293750 0.567096 0.293750 0.564338 0.300000 0.560662 0.309375 0.561581 0.321875 0.565257 0.334375 0.557904 0.339062 0.556985 0.339062 0.545037 0.331250 0.542279 0.325000 0.535846 0.325000 0.534007 0.310937 0.526654 0.309375 0.523897 0.271875 0.523897 0.270313 0.526654 0.265625 0.529412
0 0.623437 0.689338 0.621875 0.690257 0.621875 0.701287 0.623437 0.702206 0.626563 0.702206 0.631250 0.704963 0.632812 0.704963 0.643750 0.711397 0.643750 0.713235 0.645312 0.714154 0.650000 0.714154 0.651563 0.713235 0.651563 0.711397 0.659375 0.706801 0.662500 0.706801 0.664062 0.705882 0.664062 0.699449 0.662500 0.698529 0.659375 0.698529 0.650000 0.693015 0.650000 0.690257 0.648438 0.689338
0 0.696875 0.811581 0.696875 0.821691 0.698438 0.822610 0.703125 0.822610 0.704688 0.823529 0.712500 0.823529 0.714063 0.824449 0.715625 0.824449 0.717187 0.823529 0.718750 0.823529 0.720313 0.822610 0.725000 0.822610 0.726562 0.821691 0.726562 0.811581 0.725000 0.810662 0.698438 0.810662
0 0.853125 0.973346 0.853125 0.985294 0.854688 0.986213 0.857812 0.986213 0.862500 0.988971 0.871875 0.990809 0.876563 0.993566 0.881250 0.999081 0.914062 0.999081 0.914062 0.994485 0.912500 0.993566 0.909375 0.993566 0.895312 0.985294 0.893750 0.982537 0.879687 0.975184 0.879687 0.973346 0.878125 0.972426 0.854688 0.972426
0 0.489063 0.262868 0.473438 0.262868 0.471875 0.266544 0.460938 0.275735 0.460938 0.280331 0.476562 0.288603 0.478125 0.291360 0.470313 0.295956 0.462500 0.295956 0.446875 0.298713 0.446875 0.316176 0.453125 0.317096 0.457813 0.319853 0.464062 0.319853 0.471875 0.317096 0.479687 0.317096 0.490625 0.314338 0.495312 0.310662 0.495312 0.306985 0.498437 0.303309 0.507812 0.297794 0.520312 0.295037 0.520312 0.280331 0.515625 0.279412 0.507812 0.273897 0.500000 0.272978 0.490625 0.266544
0 0.910937 0.950368 0.909375 0.951287 0.909375 0.960478 0.910937 0.961397 0.914062 0.961397 0.918750 0.964154 0.918750 0.966912 0.920312 0.967831 0.920312 0.970588 0.921875 0.971507 0.929688 0.971507 0.931250 0.970588 0.931250 0.968750 0.932813 0.967831 0.932813 0.966912 0.940625 0.962316 0.943750 0.962316 0.945312 0.961397 0.945312 0.955882 0.943750 0.954963 0.940625 0.954963 0.937500 0.953125 0.937500 0.951287 0.935937 0.950368
0 0.384375 0.647059 0.384375 0.658088 0.385937 0.659007 0.393750 0.659007 0.396875 0.659926 0.403125 0.656250 0.406250 0.650735 0.412500 0.647059 0.423438 0.644301 0.426563 0.646140 0.425000 0.647059 0.426563 0.652574 0.440625 0.664522 0.446875 0.666360 0.453125 0.662684 0.457813 0.661765 0.457813 0.647059 0.453125 0.646140 0.450000 0.644301 0.450000 0.642463 0.445312 0.639706 0.437500 0.638787 0.434375 0.636949 0.432812 0.634191 0.401562 0.634191 0.400000 0.635110 0.400000 0.637868 0.389062 0.646140
0 0.420312 0.465074 0.393750 0.465074 0.392188 0.465993 0.392188 0.468750 0.390625 0.469669 0.390625 0.477022 0.396875 0.485294 0.393750 0.487132 0.389062 0.487132 0.384375 0.485294 0.381250 0.486213 0.373437 0.486213 0.371875 0.487132 0.371875 0.500000 0.373437 0.500919 0.393750 0.500919 0.395313 0.500000 0.395313 0.498162 0.398438 0.496324 0.407813 0.496324 0.409375 0.495404 0.414062 0.495404 0.415625 0.494485 0.418750 0.494485 0.425000 0.491728 0.426563 0.488051 0.420312 0.480699 0.420312 0.476103 0.421875 0.475184 0.421875 0.465993
0 0.512500 0.792279 0.498437 0.792279 0.496875 0.793199 0.496875 0.808824 0.498437 0.809743 0.503125 0.809743 0.504687 0.808824 0.504687 0.806985 0.507812 0.805147 0.512500 0.805147 0.514062 0.804228 0.514062 0.793199
0 0.290625 0.381434 0.290625 0.387868 0.292187 0.388787 0.296875 0.388787 0.298438 0.389706 0.301563 0.389706 0.312500 0.396140 0.312500 0.397059 0.314063 0.397978 0.315625 0.397059 0.315625 0.395221 0.320312 0.392463 0.325000 0.392463 0.326562 0.391544 0.326562 0.381434 0.325000 0.380515 0.292187 0.380515
0 0.667188 0.729779 0.665625 0.730699 0.665625 0.756434 0.667188 0.757353 0.671875 0.757353 0.675000 0.759191 0.681250 0.761029 0.690625 0.761029 0.695312 0.758272 0.700000 0.752757 0.700000 0.750919 0.701562 0.750000 0.701562 0.748162 0.704688 0.744485 0.710938 0.740809 0.714063 0.737132 0.714063 0.735294 0.710938 0.732537 0.710938 0.730699 0.709375 0.729779
0 0.023438 0.170956 0.021875 0.171875 0.021875 0.188419 0.023438 0.189338 0.028125 0.189338 0.032813 0.191176 0.035937 0.191176 0.039062 0.193015 0.039062 0.194853 0.040625 0.195772 0.042188 0.194853 0.042188 0.193015 0.045312 0.191176 0.046875 0.191176 0.051562 0.189338 0.051562 0.185662 0.050000 0.184743 0.050000 0.183824 0.040625 0.178309 0.040625 0.177390 0.037500 0.174632 0.037500 0.171875 0.035937 0.170956
0 0.220312 0.204044 0.210938 0.202206 0.207813 0.200368 0.207813 0.197610 0.206250 0.196691 0.184375 0.196691 0.182812 0.197610 0.184375 0.206801 0.176563 0.211397 0.167187 0.213235 0.157812 0.213235 0.145313 0.219669 0.140625 0.220588 0.140625 0.232537 0.146875 0.234375 0.159375 0.235294 0.167187 0.238051 0.171875 0.238051 0.175000 0.235294 0.176563 0.225184 0.184375 0.219669 0.187500 0.219669 0.192188 0.217831 0.210938 0.215993 0.212500 0.214154 0.220312 0.210478
0 0.523438 0.450368 0.521875 0.451287 0.521875 0.485294 0.523438 0.486213 0.526563 0.486213 0.528125 0.487132 0.531250 0.487132 0.537500 0.488971 0.546875 0.488971 0.553125 0.487132 0.557813 0.487132 0.564063 0.483456 0.568750 0.483456 0.570312 0.482537 0.570312 0.465993 0.568750 0.465074 0.565625 0.465074 0.546875 0.454044 0.546875 0.451287 0.545312 0.450368
0 0.265625 0.315257 0.267188 0.316176 0.270313 0.316176 0.271875 0.317096 0.273438 0.317096 0.276562 0.318934 0.279687 0.318934 0.287500 0.313419 0.301563 0.313419 0.303125 0.314338 0.309375 0.314338 0.310937 0.313419 0.310937 0.312500 0.315625 0.309743 0.318750 0.309743 0.320312 0.308824 0.320312 0.305147 0.318750 0.304228 0.315625 0.304228 0.312500 0.302390 0.312500 0.300551 0.310937 0.299632 0.284375 0.299632 0.282813 0.300551 0.282813 0.302390 0.276562 0.306985 0.273438 0.306985 0.271875 0.307904 0.267188 0.307904 0.265625 0.308824
0 0.356250 0.634191 0.335938 0.634191 0.334375 0.635110 0.334375 0.653493 0.335938 0.654412 0.345313 0.654412 0.350000 0.651654 0.350000 0.650735 0.353125 0.648897 0.356250 0.648897 0.357812 0.647978 0.357812 0.635110
0 0.303125 0.285846 0.303125 0.296875 0.304688 0.297794 0.323437 0.297794 0.328125 0.299632 0.331250 0.299632 0.332813 0.300551 0.335938 0.300551 0.337500 0.301471 0.342187 0.302390 0.353125 0.308824 0.356250 0.306985 0.356250 0.304228 0.357812 0.303309 0.356250 0.302390 0.356250 0.300551 0.348438 0.295956 0.346875 0.295956 0.340625 0.293199 0.337500 0.293199 0.331250 0.289522 0.331250 0.285846 0.329688 0.284926 0.304688 0.284926
0 0.165625 0.704963 0.165625 0.720588 0.181250 0.723346 0.189062 0.727022 0.193750 0.736213 0.198437 0.741728 0.207813 0.747243 0.209375 0.750919 0.214062 0.750000 0.217188 0.745404 0.231250 0.737132 0.239063 0.735294 0.256250 0.735294 0.257812 0.734375 0.257812 0.728860 0.253125 0.727941 0.234375 0.715074 0.229687 0.714154 0.226562 0.715074 0.215625 0.715074 0.212500 0.714154 0.204687 0.708640 0.204687 0.704963 0.203125 0.704044 0.167187 0.704044
0 0.525000 0.237132 0.498437 0.237132 0.496875 0.238051 0.496875 0.253676 0.498437 0.254596 0.510938 0.254596 0.512500 0.253676 0.512500 0.251838 0.518750 0.248162 0.518750 0.247243 0.523438 0.244485 0.525000 0.244485 0.526563 0.243566 0.526563 0.238051
0 0.648438 0.387868 0.646875 0.388787 0.646875 0.397978 0.648438 0.398897 0.654687 0.398897 0.656250 0.399816 0.657813 0.399816 0.659375 0.400735 0.662500 0.400735 0.664062 0.401654 0.665625 0.401654 0.667188 0.400735 0.667188 0.399816 0.668750 0.398897 0.668750 0.396140 0.667188 0.395221 0.667188 0.393382 0.664062 0.391544 0.664062 0.388787 0.662500 0.387868
0 0.540625 0.304228 0.540625 0.322610 0.542188 0.323529 0.546875 0.323529 0.551562 0.326287 0.553125 0.326287 0.554688 0.327206 0.557813 0.327206 0.559375 0.328125 0.564063 0.328125 0.565625 0.327206 0.570312 0.327206 0.571875 0.326287 0.576562 0.325368 0.584375 0.319853 0.587500 0.319853 0.589063 0.318934 0.589063 0.315257 0.587500 0.314338 0.584375 0.314338 0.581250 0.312500 0.579688 0.309743 0.575000 0.306985 0.575000 0.304228 0.573438 0.303309 0.542188 0.303309
0 0.325000 0.700368 0.307812 0.700368 0.306250 0.701287 0.306250 0.703125 0.303125 0.704963 0.293750 0.706801 0.284375 0.711397 0.279687 0.711397 0.278125 0.712316 0.278125 0.719669 0.279687 0.720588 0.284375 0.720588 0.285938 0.721507 0.296875 0.724265 0.301563 0.727022 0.301563 0.727941 0.303125 0.728860 0.306250 0.728860 0.307812 0.727941 0.309375 0.723346 0.314063 0.718750 0.314063 0.717831 0.310937 0.715074 0.312500 0.712316 0.317188 0.709559 0.318750 0.709559 0.320312 0.708640 0.325000 0.708640 0.326562 0.707721 0.326562 0.701287
0 0.404687 0.340074 0.396875 0.344669 0.396875 0.350184 0.404687 0.353860 0.406250 0.360294 0.404687 0.363051 0.396875 0.365809 0.396875 0.370404 0.404687 0.374081 0.406250 0.379596 0.426563 0.390625 0.429688 0.409007 0.434375 0.411765 0.453125 0.411765 0.471875 0.420956 0.482812 0.416360 0.484375 0.402574 0.481250 0.398897 0.487500 0.395221 0.487500 0.387868 0.482812 0.379596 0.475000 0.374081 0.475000 0.370404 0.487500 0.358456 0.489063 0.353860 0.473438 0.346507 0.465625 0.340074 0.443750 0.340074 0.442188 0.342831 0.434375 0.346507 0.426563 0.345588 0.421875 0.340074
0 0.548438 0.354779 0.523438 0.354779 0.521875 0.355699 0.521875 0.377757 0.523438 0.378676 0.528125 0.378676 0.529687 0.379596 0.534375 0.380515 0.535937 0.379596 0.537500 0.379596 0.539062 0.378676 0.543750 0.377757 0.550000 0.374081 0.550000 0.373162 0.551562 0.372243 0.551562 0.363051 0.553125 0.362132 0.553125 0.361213 0.550000 0.358456 0.550000 0.355699
0 0.393750 0.395221 0.392188 0.396140 0.392188 0.397978 0.389062 0.399816 0.385937 0.399816 0.384375 0.400735 0.384375 0.420956 0.385937 0.421875 0.389062 0.421875 0.395313 0.425551 0.395313 0.426471 0.403125 0.431066 0.403125 0.433824 0.404687 0.434743 0.409375 0.434743 0.412500 0.431066 0.412500 0.427390 0.420312 0.423713 0.420312 0.409926 0.412500 0.406250 0.412500 0.401654 0.414062 0.400735 0.414062 0.396140 0.412500 0.395221
0 0.490625 0.870404 0.490625 0.882353 0.492188 0.883272 0.495312 0.883272 0.504687 0.888787 0.512500 0.888787 0.514062 0.887868 0.515625 0.887868 0.521875 0.884191 0.525000 0.884191 0.526563 0.883272 0.526563 0.877757 0.525000 0.876838 0.521875 0.876838 0.517188 0.874081 0.517188 0.873162 0.515625 0.872243 0.515625 0.870404 0.514062 0.869485 0.492188 0.869485
0 0.429688 0.737132 0.428125 0.738051 0.428125 0.764706 0.429688 0.765625 0.434375 0.765625 0.437500 0.767463 0.446875 0.767463 0.454688 0.762868 0.456250 0.760110 0.459375 0.758272 0.462500 0.758272 0.464062 0.757353 0.464062 0.746324 0.462500 0.745404 0.460938 0.745404 0.456250 0.742647 0.456250 0.738051 0.454688 0.737132
0 0.821875 0.907169 0.821875 0.918199 0.823438 0.919118 0.826562 0.919118 0.831250 0.921875 0.832812 0.923713 0.832812 0.928309 0.834375 0.929228 0.834375 0.931066 0.846875 0.938419 0.846875 0.939338 0.857812 0.944853 0.865625 0.946691 0.875000 0.943015 0.884375 0.937500 0.887500 0.937500 0.889062 0.936581 0.889062 0.933824 0.887500 0.932904 0.884375 0.932904 0.868750 0.926471 0.857812 0.924632 0.853125 0.922794 0.843750 0.916360 0.839063 0.910846 0.839063 0.907169 0.837500 0.906250 0.823438 0.906250
0 0.165625 0.545956 0.165625 0.556066 0.167187 0.556985 0.173437 0.556985 0.178125 0.558824 0.190625 0.558824 0.198437 0.556985 0.207813 0.556985 0.209375 0.557904 0.214062 0.557904 0.225000 0.561581 0.228125 0.561581 0.235937 0.558824 0.250000 0.556066 0.257812 0.552390 0.259375 0.549632 0.242188 0.540441 0.229687 0.537684 0.212500 0.538603 0.204687 0.535846 0.201563 0.534007 0.200000 0.531250 0.179688 0.531250 0.178125 0.532169 0.178125 0.536765 0.173437 0.543199 0.170313 0.545037
0 0.615625 0.612132 0.615625 0.619485 0.617188 0.620404 0.621875 0.620404 0.629687 0.617647 0.653125 0.616728 0.670312 0.624081 0.678125 0.624081 0.689063 0.619485 0.689063 0.618566 0.685937 0.617647 0.681250 0.613971 0.681250 0.611213 0.679688 0.610294 0.679688 0.608456 0.676562 0.606618 0.676562 0.604779 0.673438 0.601103 0.673438 0.598346 0.671875 0.597426 0.640625 0.597426 0.639062 0.598346 0.639062 0.600184 0.634375 0.602941 0.634375 0.603860 0.623437 0.610294 0.617188 0.611213
0 0.417187 0.876838 0.415625 0.877757 0.415625 0.885110 0.417187 0.886029 0.421875 0.886029 0.425000 0.887868 0.425000 0.889706 0.426563 0.890625 0.434375 0.890625 0.435937 0.889706 0.435937 0.886949 0.439063 0.885110 0.439063 0.882353 0.437500 0.881434 0.437500 0.880515 0.435937 0.879596 0.435937 0.877757 0.434375 0.876838
0 0.448437 0.339154 0.446875 0.340074 0.446875 0.363971 0.448437 0.364890 0.481250 0.364890 0.482812 0.363971 0.482812 0.362132 0.484375 0.361213 0.484375 0.360294 0.487500 0.357537 0.487500 0.355699 0.489063 0.354779 0.487500 0.353860 0.487500 0.352941 0.482812 0.350184 0.481250 0.350184 0.476562 0.347426 0.475000 0.347426 0.465625 0.341912 0.464062 0.341912 0.459375 0.339154
0 0.690625 0.238051 0.675000 0.231618 0.676562 0.244485 0.662500 0.250000 0.654687 0.244485 0.660937 0.231618 0.640625 0.225184 0.628125 0.207721 0.606250 0.207721 0.593750 0.227941 0.514062 0.274816 0.496875 0.271140 0.484375 0.262868 0.470313 0.266544 0.462500 0.280331 0.476562 0.293199 0.446875 0.299632 0.446875 0.315257 0.457813 0.318934 0.482812 0.316176 0.503125 0.300551 0.535937 0.289522 0.545312 0.299632 0.546875 0.322610 0.554688 0.327206 0.578125 0.324449 0.607812 0.303309 0.592187 0.292279 0.578125 0.295037 0.578125 0.305147 0.568750 0.299632 0.575000 0.263787 0.595313 0.262868 0.609375 0.252757 0.628125 0.261949 0.639062 0.254596 0.653125 0.259191 0.693750 0.249081
0 0.104688 0.637868 0.103125 0.638787 0.103125 0.646140 0.104688 0.647059 0.109375 0.647059 0.112500 0.648897 0.112500 0.650735 0.114062 0.651654 0.126562 0.651654 0.128125 0.650735 0.128125 0.647978 0.132812 0.645221 0.132812 0.643382 0.131250 0.642463 0.131250 0.638787 0.129688 0.637868
0 0.618750 0.708640 0.615625 0.708640 0.614062 0.707721 0.612500 0.707721 0.610938 0.706801 0.609375 0.706801 0.607812 0.705882 0.606250 0.705882 0.604688 0.706801 0.601562 0.706801 0.598437 0.708640 0.596875 0.708640 0.590625 0.712316 0.585938 0.712316 0.584375 0.713235 0.584375 0.722426 0.585938 0.723346 0.589063 0.723346 0.593750 0.726103 0.593750 0.727941 0.595313 0.728860 0.596875 0.728860 0.598437 0.727941 0.598437 0.726103 0.615625 0.715993 0.618750 0.715993 0.620313 0.715074 0.620313 0.709559
0 0.484375 0.723346 0.484375 0.737132 0.485938 0.738051 0.496875 0.738051 0.503125 0.734375 0.506250 0.734375 0.507812 0.733456 0.507812 0.723346 0.506250 0.722426 0.485938 0.722426
0 0.618750 0.277574 0.603125 0.277574 0.601562 0.278493 0.600000 0.288603 0.592187 0.292279 0.582812 0.295037 0.579688 0.295037 0.578125 0.295956 0.578125 0.304228 0.581250 0.305147 0.585938 0.307904 0.585938 0.308824 0.596875 0.314338 0.604688 0.309743 0.609375 0.303309 0.615625 0.298713 0.618750 0.295037 0.618750 0.291360 0.626563 0.287684 0.626563 0.284007 0.620313 0.281250 0.620313 0.278493
0 0.306250 0.226103 0.295312 0.227022 0.290625 0.241728 0.257812 0.263787 0.245312 0.263787 0.237500 0.265625 0.217188 0.277574 0.196875 0.285846 0.190625 0.286765 0.192188 0.303309 0.201563 0.305147 0.215625 0.301471 0.245312 0.302390 0.264062 0.290441 0.267188 0.284007 0.260937 0.276654 0.318750 0.240809 0.317188 0.236213