0 0.481250 0.862132 0.476562 0.873162 0.465625 0.877757 0.465625 0.909007 0.470313 0.909926 0.475000 0.913603 0.484375 0.914522 0.501563 0.909007 0.509375 0.908088 0.518750 0.912684 0.529687 0.922794 0.539062 0.921875 0.556250 0.910846 0.554688 0.897059 0.556250 0.893382 0.564063 0.889706 0.564063 0.881434 0.551562 0.875919 0.545312 0.867647 0.534375 0.865809 0.529687 0.862132 0.526563 0.862132 0.525000 0.864890 0.514062 0.871324 0.510938 0.868566 0.517188 0.864890 0.515625 0.862132
0 0.145313 0.773897 0.139063 0.772978 0.134375 0.770221 0.109375 0.772059 0.095312 0.762868 0.093750 0.759191 0.075000 0.759191 0.073438 0.761949 0.064062 0.766544 0.046875 0.767463 0.040625 0.770221 0.034375 0.771140 0.034375 0.784926 0.040625 0.785846 0.048438 0.790441 0.051562 0.804228 0.070312 0.813419 0.081250 0.810662 0.087500 0.806985 0.087500 0.804228 0.092188 0.801471 0.101562 0.800551 0.121875 0.795037 0.132812 0.788603 0.135937 0.784926 0.145313 0.781250
0 0.657813 0.602022 0.656250 0.601103 0.621875 0.601103 0.620313 0.602022 0.620313 0.603860 0.614062 0.607537 0.610938 0.607537 0.603125 0.610294 0.598437 0.610294 0.596875 0.611213 0.596875 0.621324 0.598437 0.622243 0.607812 0.622243 0.609375 0.623162 0.617188 0.623162 0.618750 0.624081 0.623437 0.624081 0.626563 0.622243 0.626563 0.618566 0.629687 0.616728 0.640625 0.617647 0.646875 0.615809 0.653125 0.612132 0.656250 0.612132 0.657813 0.611213
0 0.378125 0.445772 0.378125 0.457721 0.379688 0.458640 0.382812 0.458640 0.389062 0.463235 0.398438 0.462316 0.401562 0.459559 0.403125 0.455882 0.407813 0.453125 0.415625 0.454044 0.425000 0.456801 0.437500 0.456801 0.439063 0.455882 0.439063 0.436581 0.437500 0.435662 0.401562 0.435662 0.400000 0.436581 0.400000 0.438419 0.396875 0.440257 0.387500 0.443015 0.384375 0.444853 0.379688 0.444853
0 0.490625 0.763787 0.490625 0.783088 0.492188 0.784007 0.496875 0.784007 0.501563 0.786765 0.503125 0.786765 0.510938 0.789522 0.521875 0.789522 0.525000 0.787684 0.526563 0.787684 0.534375 0.782169 0.537500 0.782169 0.539062 0.781250 0.539062 0.768382 0.532813 0.765625 0.532813 0.763787 0.531250 0.762868 0.492188 0.762868
0 0.245312 0.740809 0.242188 0.747243 0.234375 0.750000 0.234375 0.762868 0.242188 0.765625 0.250000 0.773897 0.248438 0.782169 0.239063 0.791360 0.243750 0.795037 0.256250 0.797794 0.268750 0.805147 0.296875 0.804228 0.303125 0.800551 0.307812 0.799632 0.307812 0.785846 0.303125 0.784926 0.292187 0.777574 0.293750 0.772978 0.290625 0.761949 0.298438 0.755515 0.300000 0.751838 0.295312 0.750000 0.282813 0.750919 0.276562 0.749081 0.268750 0.744485 0.267188 0.740809
0 0.546875 0.693015 0.542188 0.697610 0.528125 0.700368 0.528125 0.720588 0.535937 0.724265 0.542188 0.729779 0.542188 0.732537 0.554688 0.745404 0.562500 0.750000 0.565625 0.750000 0.571875 0.754596 0.575000 0.754596 0.585938 0.743566 0.582812 0.729779 0.587500 0.727022 0.609375 0.724265 0.621875 0.715993 0.626563 0.715074 0.626563 0.710478 0.600000 0.695772 0.598437 0.693015
0 0.401562 0.531250 0.400000 0.532169 0.400000 0.534926 0.395313 0.537684 0.390625 0.538603 0.390625 0.547794 0.395313 0.548713 0.398438 0.550551 0.404687 0.556985 0.403125 0.557904 0.403125 0.560662 0.395313 0.566176 0.390625 0.567096 0.401562 0.570772 0.412500 0.570772 0.417187 0.569853 0.426563 0.563419 0.429688 0.565257 0.429688 0.568015 0.432812 0.569853 0.437500 0.570772 0.442188 0.569853 0.456250 0.558824 0.456250 0.554228 0.454688 0.552390 0.448437 0.548713 0.440625 0.546875 0.428125 0.539522 0.421875 0.538603 0.414062 0.534007 0.412500 0.531250
0 0.853125 0.793199 0.853125 0.816176 0.857812 0.817096 0.860938 0.818934 0.865625 0.825368 0.878125 0.830882 0.890625 0.831801 0.903125 0.828125 0.914062 0.826287 0.918750 0.822610 0.920312 0.815257 0.928125 0.810662 0.932813 0.809743 0.932813 0.803309 0.931250 0.802390 0.926562 0.802390 0.914062 0.795037 0.912500 0.792279 0.854688 0.792279
0 0.596875 0.502757 0.596875 0.511949 0.598437 0.512868 0.601562 0.512868 0.603125 0.511949 0.609375 0.511949 0.610938 0.512868 0.617188 0.512868 0.618750 0.513787 0.623437 0.513787 0.625000 0.514706 0.628125 0.514706 0.629687 0.513787 0.635938 0.513787 0.637500 0.512868 0.667188 0.512868 0.668750 0.511949 0.673438 0.511949 0.678125 0.509191 0.681250 0.509191 0.682813 0.508272 0.676562 0.505515 0.675000 0.503676 0.675000 0.499081 0.673438 0.498162 0.606250 0.498162 0.601562 0.501838 0.598437 0.501838
0 0.434375 0.509191 0.434375 0.522978 0.439063 0.523897 0.450000 0.531250 0.453125 0.532169 0.468750 0.524816 0.478125 0.524816 0.479687 0.525735 0.485938 0.525735 0.487500 0.526654 0.493750 0.526654 0.510938 0.529412 0.518750 0.534007 0.518750 0.536765 0.520312 0.537684 0.525000 0.537684 0.526563 0.536765 0.526563 0.526654 0.518750 0.522978 0.518750 0.517463 0.517188 0.515625 0.509375 0.511029 0.495312 0.509191 0.487500 0.504596 0.485938 0.501838 0.448437 0.501838 0.446875 0.504596 0.440625 0.508272 0.435937 0.508272
0 0.790625 0.719669 0.790625 0.733456 0.792188 0.734375 0.796875 0.734375 0.809375 0.739890 0.815625 0.739890 0.821875 0.737132 0.823438 0.737132 0.826562 0.735294 0.834375 0.735294 0.835938 0.734375 0.840625 0.733456 0.845313 0.730699 0.845313 0.729779 0.846875 0.728860 0.845313 0.727941 0.845313 0.726103 0.837500 0.721507 0.837500 0.719669 0.835938 0.718750 0.792188 0.718750
0 0.300000 0.597426 0.262500 0.597426 0.254688 0.606618 0.254688 0.608456 0.246875 0.612132 0.246875 0.619485 0.248438 0.620404 0.253125 0.620404 0.260937 0.625000 0.260937 0.626838 0.264062 0.629596 0.264062 0.632353 0.265625 0.633272 0.268750 0.632353 0.268750 0.629596 0.273438 0.626838 0.275000 0.625000 0.275000 0.622243 0.281250 0.617647 0.284375 0.616728 0.290625 0.616728 0.292187 0.617647 0.295312 0.617647 0.304688 0.614890 0.307812 0.613051 0.312500 0.613051 0.314063 0.612132 0.314063 0.608456 0.312500 0.607537 0.309375 0.607537 0.304688 0.604779 0.301563 0.601103 0.301563 0.598346
0 0.353125 0.840993 0.353125 0.860294 0.354687 0.861213 0.359375 0.861213 0.364063 0.863971 0.370312 0.863971 0.378125 0.861213 0.381250 0.861213 0.382812 0.860294 0.385937 0.860294 0.387500 0.859375 0.389062 0.859375 0.393750 0.856618 0.393750 0.846507 0.392188 0.845588 0.392188 0.844669 0.389062 0.842831 0.389062 0.840993 0.387500 0.840074 0.354687 0.840074
0 0.423438 0.652574 0.410938 0.652574 0.409375 0.653493 0.409375 0.656250 0.404687 0.661765 0.395313 0.668199 0.392188 0.668199 0.390625 0.669118 0.390625 0.681985 0.392188 0.682904 0.395313 0.682904 0.403125 0.687500 0.404687 0.687500 0.407813 0.689338 0.407813 0.691176 0.409375 0.692096 0.412500 0.692096 0.414062 0.691176 0.414062 0.689338 0.426563 0.682904 0.431250 0.682904 0.432812 0.681985 0.432812 0.676471 0.431250 0.675551 0.428125 0.675551 0.421875 0.671875 0.420312 0.671875 0.415625 0.668199 0.420312 0.661765 0.425000 0.659007 0.425000 0.653493
0 0.328125 0.648897 0.309375 0.648897 0.307812 0.649816 0.307812 0.651654 0.303125 0.654412 0.303125 0.655331 0.300000 0.657169 0.298438 0.657169 0.289062 0.663603 0.285938 0.663603 0.284375 0.664522 0.284375 0.674632 0.285938 0.675551 0.290625 0.675551 0.301563 0.681066 0.307812 0.682904 0.310937 0.682904 0.312500 0.683824 0.315625 0.683824 0.320312 0.681066 0.320312 0.679228 0.321875 0.678309 0.321875 0.675551 0.315625 0.670956 0.315625 0.669118 0.317188 0.667279 0.326562 0.662684 0.328125 0.662684 0.332813 0.659007 0.331250 0.658088 0.331250 0.654412 0.329688 0.653493 0.329688 0.649816
0 0.559375 0.784926 0.559375 0.796875 0.560937 0.797794 0.567187 0.797794 0.570312 0.799632 0.575000 0.799632 0.576562 0.800551 0.581250 0.800551 0.582812 0.801471 0.598437 0.801471 0.607812 0.798713 0.610938 0.796875 0.612500 0.796875 0.620313 0.792279 0.620313 0.790441 0.621875 0.789522 0.618750 0.785846 0.610938 0.781250 0.610938 0.778493 0.609375 0.777574 0.570312 0.777574 0.568750 0.778493 0.568750 0.780331 0.567187 0.782169 0.564063 0.784007 0.560937 0.784007
0 0.840625 0.576287 0.840625 0.582721 0.842187 0.583640 0.845313 0.583640 0.846875 0.584559 0.850000 0.584559 0.851562 0.585478 0.853125 0.585478 0.857812 0.588235 0.859375 0.588235 0.864062 0.590993 0.864062 0.591912 0.865625 0.592831 0.878125 0.592831 0.879687 0.591912 0.879687 0.590074 0.884375 0.587316 0.885938 0.587316 0.887500 0.586397 0.887500 0.584559 0.889062 0.583640 0.889062 0.579044 0.887500 0.578125 0.887500 0.576287 0.885938 0.575368 0.885938 0.572610 0.884375 0.571691 0.848437 0.571691 0.846875 0.572610 0.846875 0.573529 0.843750 0.575368 0.842187 0.575368
0 0.379688 0.781250 0.378125 0.782169 0.378125 0.799632 0.379688 0.800551 0.384375 0.800551 0.389062 0.803309 0.389062 0.805147 0.390625 0.806066 0.395313 0.806066 0.396875 0.805147 0.396875 0.803309 0.401562 0.800551 0.401562 0.799632 0.404687 0.797794 0.404687 0.796875 0.406250 0.795956 0.406250 0.794118 0.410938 0.791360 0.412500 0.791360 0.414062 0.790441 0.414062 0.788603 0.412500 0.787684 0.410938 0.787684 0.406250 0.784926 0.406250 0.782169 0.404687 0.781250
0 0.628125 0.539522 0.628125 0.547794 0.629687 0.548713 0.642188 0.548713 0.648438 0.552390 0.648438 0.553309 0.650000 0.554228 0.650000 0.555147 0.653125 0.556985 0.653125 0.558824 0.654687 0.559743 0.656250 0.559743 0.657813 0.558824 0.657813 0.556985 0.660937 0.555147 0.660937 0.554228 0.667188 0.550551 0.668750 0.550551 0.670312 0.549632 0.670312 0.547794 0.668750 0.546875 0.665625 0.546875 0.662500 0.545037 0.662500 0.543199 0.660937 0.542279 0.660937 0.539522 0.659375 0.538603 0.629687 0.538603
0 0.465625 0.558824 0.465625 0.570772 0.467187 0.571691 0.473438 0.571691 0.476562 0.572610 0.484375 0.577206 0.498437 0.577206 0.504687 0.579963 0.514062 0.582721 0.518750 0.580882 0.521875 0.580882 0.526563 0.578125 0.531250 0.578125 0.532813 0.577206 0.532813 0.574449 0.531250 0.573529 0.528125 0.573529 0.520312 0.568934 0.515625 0.568015 0.506250 0.563419 0.506250 0.562500 0.503125 0.560662 0.503125 0.554228 0.501563 0.553309 0.473438 0.553309 0.471875 0.554228 0.471875 0.556066
0 0.214062 0.795037 0.209375 0.794118 0.198437 0.787684 0.192188 0.785846 0.187500 0.783088 0.184375 0.777574 0.159375 0.777574 0.153125 0.789522 0.134375 0.799632 0.129688 0.799632 0.128125 0.800551 0.128125 0.820772 0.134375 0.822610 0.142187 0.822610 0.153125 0.817096 0.167187 0.816176 0.173437 0.814338 0.189062 0.806985 0.195312 0.806066 0.209375 0.796875 0.212500 0.796875
0 0.284375 0.629596 0.284375 0.642463 0.290625 0.643382 0.293750 0.645221 0.303125 0.645221 0.315625 0.636029 0.320312 0.635110 0.329688 0.636029 0.335938 0.639706 0.340625 0.645221 0.340625 0.652574 0.345313 0.655331 0.346875 0.659007 0.356250 0.659007 0.371875 0.644301 0.378125 0.640625 0.382812 0.640625 0.387500 0.636949 0.387500 0.632353 0.379688 0.629596 0.359375 0.629596 0.351562 0.631434 0.345313 0.631434 0.334375 0.625919 0.332813 0.623162 0.296875 0.623162 0.292187 0.627757
0 0.673438 0.520221 0.671875 0.521140 0.671875 0.522059 0.668750 0.523897 0.667188 0.523897 0.665625 0.524816 0.665625 0.535846 0.667188 0.536765 0.671875 0.536765 0.673438 0.537684 0.675000 0.537684 0.679688 0.540441 0.681250 0.543199 0.684375 0.545037 0.684375 0.547794 0.685937 0.548713 0.690625 0.548713 0.692187 0.547794 0.692187 0.545956 0.700000 0.541360 0.700000 0.540441 0.703125 0.538603 0.706250 0.538603 0.707812 0.537684 0.707812 0.534926 0.706250 0.534007 0.704688 0.534007 0.701562 0.532169 0.701562 0.530331 0.700000 0.529412 0.700000 0.523897 0.698438 0.522978 0.698438 0.521140 0.696875 0.520221
0 0.454688 0.777574 0.453125 0.778493 0.453125 0.779412 0.450000 0.781250 0.448437 0.781250 0.446875 0.782169 0.446875 0.796875 0.448437 0.797794 0.454688 0.797794 0.457813 0.799632 0.457813 0.801471 0.459375 0.802390 0.465625 0.802390 0.467187 0.801471 0.467187 0.799632 0.468750 0.798713 0.470313 0.795956 0.475000 0.793199 0.475000 0.792279 0.476562 0.791360 0.476562 0.786765 0.475000 0.785846 0.475000 0.784926 0.473438 0.784007 0.473438 0.783088 0.470313 0.780331 0.470313 0.778493 0.468750 0.777574
0 0.059375 0.700368 0.060937 0.701287 0.067187 0.701287 0.068750 0.702206 0.090625 0.702206 0.092188 0.701287 0.096875 0.701287 0.103125 0.699449 0.114062 0.698529 0.134375 0.692096 0.137500 0.692096 0.139063 0.691176 0.139063 0.686581 0.137500 0.685662 0.134375 0.685662 0.131250 0.683824 0.121875 0.675551 0.118750 0.670956 0.089063 0.670956 0.087500 0.671875 0.087500 0.673713 0.075000 0.680147 0.067187 0.687500 0.059375 0.691176
0 0.187500 0.604779 0.168750 0.605699 0.167187 0.614890 0.157812 0.625000 0.159375 0.636949 0.150000 0.640625 0.139063 0.647978 0.134375 0.648897 0.134375 0.668199 0.140625 0.669118 0.145313 0.673713 0.148438 0.672794 0.148438 0.670037 0.156250 0.660846 0.162500 0.657169 0.173437 0.656250 0.182812 0.653493 0.198437 0.652574 0.212500 0.653493 0.214062 0.652574 0.214062 0.649816 0.204687 0.646140 0.201563 0.641544 0.201563 0.634191 0.204687 0.630515 0.214062 0.626838 0.214062 0.624081 0.206250 0.621324 0.201563 0.614890 0.189062 0.607537
0 0.648438 0.572610 0.646875 0.571691 0.618750 0.571691 0.617188 0.572610 0.617188 0.575368 0.607812 0.580882 0.604688 0.580882 0.603125 0.581801 0.603125 0.591912 0.604688 0.592831 0.618750 0.592831 0.620313 0.591912 0.626563 0.591912 0.628125 0.590993 0.634375 0.590993 0.635938 0.590074 0.637500 0.590074 0.646875 0.584559 0.646875 0.583640 0.653125 0.579044 0.653125 0.578125 0.650000 0.576287 0.650000 0.575368 0.648438 0.574449
0 0.615625 0.524816 0.615625 0.534926 0.617188 0.535846 0.632812 0.535846 0.634375 0.534926 0.637500 0.534926 0.639062 0.534007 0.640625 0.534007 0.643750 0.532169 0.643750 0.531250 0.645312 0.530331 0.645312 0.529412 0.643750 0.528493 0.643750 0.524816 0.642188 0.523897 0.617188 0.523897
0 0.629687 0.472426 0.628125 0.473346 0.628125 0.483456 0.629687 0.484375 0.634375 0.484375 0.639062 0.487132 0.639062 0.488051 0.642188 0.489890 0.643750 0.489890 0.651563 0.494485 0.653125 0.494485 0.656250 0.496324 0.668750 0.496324 0.670312 0.495404 0.670312 0.490809 0.668750 0.489890 0.668750 0.485294 0.667188 0.484375 0.667188 0.482537 0.664062 0.480699 0.664062 0.479779 0.657813 0.476103 0.657813 0.473346 0.656250 0.472426
0 0.360938 0.766544 0.328125 0.766544 0.326562 0.767463 0.326562 0.769301 0.315625 0.775735 0.310937 0.775735 0.309375 0.776654 0.309375 0.798713 0.310937 0.799632 0.320312 0.799632 0.329688 0.795037 0.334375 0.794118 0.340625 0.790441 0.340625 0.789522 0.357812 0.779412 0.357812 0.778493 0.362500 0.774816 0.362500 0.767463
0 0.670312 0.669118 0.668750 0.668199 0.665625 0.668199 0.662500 0.666360 0.662500 0.665441 0.657813 0.662684 0.657813 0.660846 0.656250 0.659926 0.645312 0.659926 0.643750 0.660846 0.643750 0.662684 0.642188 0.663603 0.642188 0.664522 0.639062 0.666360 0.637500 0.665441 0.623437 0.665441 0.621875 0.666360 0.621875 0.681066 0.623437 0.681985 0.626563 0.681985 0.628125 0.681066 0.631250 0.681066 0.632812 0.680147 0.634375 0.680147 0.639062 0.682904 0.646875 0.683824 0.662500 0.675551 0.664062 0.675551 0.665625 0.674632 0.668750 0.674632 0.670312 0.673713
0 0.339062 0.429228 0.337500 0.428309 0.312500 0.428309 0.310937 0.429228 0.310937 0.431066 0.307812 0.432904 0.304688 0.432904 0.301563 0.434743 0.300000 0.434743 0.289062 0.441176 0.285938 0.441176 0.284375 0.442096 0.284375 0.452206 0.285938 0.453125 0.292187 0.453125 0.296875 0.455882 0.300000 0.455882 0.301563 0.456801 0.304688 0.453125 0.304688 0.446691 0.309375 0.443934 0.312500 0.443015 0.321875 0.443015 0.323437 0.442096 0.326562 0.442096 0.332813 0.440257 0.337500 0.440257 0.339062 0.439338
0 0.415625 0.833640 0.415625 0.844669 0.417187 0.845588 0.420312 0.845588 0.421875 0.846507 0.423438 0.846507 0.426563 0.848346 0.428125 0.848346 0.432812 0.850184 0.434375 0.850184 0.435937 0.849265 0.440625 0.849265 0.443750 0.847426 0.443750 0.846507 0.446875 0.844669 0.450000 0.844669 0.451562 0.843750 0.451562 0.833640 0.450000 0.832721 0.417187 0.832721
0 0.850000 0.649816 0.762500 0.648897 0.762500 0.656250 0.781250 0.665441 0.746875 0.681066 0.746875 0.689338 0.739062 0.694853 0.718750 0.701287 0.714063 0.699449 0.735938 0.684743 0.737500 0.680147 0.721875 0.669118 0.709375 0.670037 0.696875 0.680147 0.696875 0.699449 0.715625 0.703125 0.707812 0.724265 0.726562 0.725184 0.731250 0.715074 0.745313 0.708640 0.764062 0.713235 0.773438 0.711397 0.790625 0.690257 0.803125 0.690257 0.831250 0.697610 0.839063 0.695772 0.843750 0.688419 0.829688 0.675551 0.857812 0.663603 0.857812 0.655331 0.850000 0.652574
0 0.829688 0.751838 0.828125 0.752757 0.828125 0.776654 0.829688 0.777574 0.832812 0.777574 0.837500 0.780331 0.837500 0.783088 0.839063 0.784007 0.842187 0.784007 0.843750 0.783088 0.843750 0.781250 0.848437 0.778493 0.850000 0.778493 0.857812 0.775735 0.862500 0.775735 0.864062 0.774816 0.864062 0.767463 0.862500 0.766544 0.859375 0.766544 0.851562 0.761949 0.851562 0.761029 0.846875 0.757353 0.846875 0.755515 0.845313 0.754596 0.845313 0.752757 0.843750 0.751838
0 0.314063 0.807904 0.312500 0.806985 0.285938 0.806985 0.284375 0.807904 0.284375 0.808824 0.279687 0.811581 0.278125 0.811581 0.276562 0.812500 0.273438 0.812500 0.271875 0.813419 0.267188 0.813419 0.265625 0.814338 0.265625 0.820772 0.267188 0.821691 0.271875 0.821691 0.273438 0.822610 0.275000 0.822610 0.276562 0.823529 0.279687 0.823529 0.281250 0.824449 0.290625 0.824449 0.292187 0.823529 0.293750 0.823529 0.307812 0.815257 0.312500 0.815257 0.314063 0.814338
0 0.481250 0.420956 0.454688 0.420956 0.453125 0.421875 0.453125 0.444853 0.454688 0.445772 0.459375 0.445772 0.460938 0.444853 0.460938 0.443934 0.465625 0.441176 0.467187 0.441176 0.468750 0.440257 0.470313 0.440257 0.478125 0.437500 0.482812 0.437500 0.484375 0.436581 0.485938 0.436581 0.489063 0.434743 0.489063 0.430147 0.487500 0.429228 0.487500 0.427390 0.485938 0.426471 0.485938 0.425551 0.482812 0.423713 0.482812 0.421875
0 0.359375 0.799632 0.348438 0.799632 0.346875 0.800551 0.346875 0.803309 0.332813 0.811581 0.329688 0.811581 0.328125 0.812500 0.328125 0.825368 0.329688 0.826287 0.334375 0.826287 0.335938 0.827206 0.340625 0.828125 0.342187 0.827206 0.346875 0.826287 0.351562 0.823529 0.351562 0.822610 0.353125 0.821691 0.353125 0.814338 0.354687 0.813419 0.354687 0.812500 0.356250 0.811581 0.357812 0.808824 0.360938 0.806985 0.360938 0.800551
0 0.410938 0.483456 0.409375 0.484375 0.409375 0.500000 0.410938 0.500919 0.414062 0.500919 0.421875 0.505515 0.421875 0.507353 0.423438 0.508272 0.431250 0.508272 0.432812 0.507353 0.432812 0.484375 0.431250 0.483456
0 0.603125 0.646140 0.603125 0.653493 0.604688 0.654412 0.607812 0.654412 0.610938 0.656250 0.612500 0.656250 0.614062 0.657169 0.623437 0.657169 0.625000 0.656250 0.634375 0.656250 0.637500 0.654412 0.639062 0.654412 0.640625 0.653493 0.643750 0.653493 0.645312 0.652574 0.645312 0.646140 0.643750 0.645221 0.604688 0.645221
0 0.578125 0.532169 0.578125 0.539522 0.579688 0.540441 0.582812 0.540441 0.584375 0.541360 0.585938 0.541360 0.589063 0.543199 0.589063 0.544118 0.590625 0.545037 0.596875 0.545037 0.598437 0.544118 0.598437 0.542279 0.601562 0.540441 0.606250 0.540441 0.607812 0.539522 0.607812 0.532169 0.606250 0.531250 0.579688 0.531250
0 0.612500 0.560662 0.579688 0.560662 0.578125 0.561581 0.578125 0.576287 0.579688 0.577206 0.584375 0.577206 0.587500 0.579044 0.587500 0.580882 0.589063 0.581801 0.592187 0.581801 0.593750 0.580882 0.593750 0.578125 0.600000 0.574449 0.600000 0.573529 0.604688 0.570772 0.606250 0.570772 0.609375 0.568934 0.612500 0.568934 0.614062 0.568015 0.614062 0.561581
0 0.471875 0.473346 0.473438 0.474265 0.482812 0.474265 0.484375 0.475184 0.490625 0.475184 0.492188 0.474265 0.496875 0.474265 0.500000 0.472426 0.501563 0.472426 0.507812 0.468750 0.512500 0.468750 0.514062 0.467831 0.514062 0.462316 0.512500 0.461397 0.481250 0.461397 0.479687 0.462316 0.479687 0.463235 0.476562 0.465074 0.473438 0.465074 0.471875 0.465993
0 0.328125 0.609375 0.328125 0.618566 0.329688 0.619485 0.334375 0.619485 0.335938 0.620404 0.339062 0.620404 0.340625 0.621324 0.342187 0.621324 0.346875 0.624081 0.346875 0.625000 0.348438 0.625919 0.375000 0.625919 0.376563 0.625000 0.376563 0.615809 0.375000 0.614890 0.371875 0.614890 0.367188 0.612132 0.367188 0.609375 0.365625 0.608456 0.329688 0.608456
0 0.023438 0.560662 0.021875 0.561581 0.021875 0.609375 0.023438 0.610294 0.035937 0.610294 0.046875 0.604779 0.056250 0.602022 0.065625 0.602022 0.070312 0.604779 0.076563 0.602941 0.089063 0.606618 0.100000 0.606618 0.101562 0.605699 0.101562 0.598346 0.100000 0.597426 0.089063 0.598346 0.084375 0.595588 0.081250 0.590993 0.082812 0.587316 0.089063 0.582721 0.089063 0.577206 0.078125 0.574449 0.064062 0.567096 0.051562 0.565257 0.046875 0.560662
0 0.328125 0.458640 0.328125 0.460478 0.329688 0.461397 0.334375 0.461397 0.335938 0.462316 0.337500 0.462316 0.339062 0.463235 0.340625 0.463235 0.343750 0.465074 0.345313 0.465074 0.350000 0.467831 0.350000 0.470588 0.351562 0.471507 0.362500 0.471507 0.364063 0.470588 0.364063 0.463235 0.362500 0.462316 0.359375 0.462316 0.356250 0.460478 0.356250 0.458640 0.354687 0.457721 0.329688 0.457721
0 0.378125 0.299632 0.362500 0.299632 0.359375 0.304228 0.346875 0.310662 0.342187 0.319853 0.334375 0.322610 0.334375 0.337316 0.356250 0.341912 0.345313 0.357537 0.359375 0.368566 0.356250 0.380515 0.368750 0.384191 0.368750 0.387868 0.364063 0.390625 0.345313 0.389706 0.334375 0.392463 0.334375 0.411765 0.345313 0.416360 0.376563 0.407169 0.392188 0.408088 0.412500 0.393382 0.420312 0.390625 0.420312 0.387868 0.398438 0.378676 0.392188 0.373162 0.398438 0.364890 0.384375 0.347426 0.390625 0.333640 0.382812 0.328125 0.382812 0.324449 0.393750 0.314338 0.381250 0.306985
0 0.737500 0.774816 0.729688 0.773897 0.723437 0.782169 0.717187 0.785846 0.706250 0.785846 0.695312 0.787684 0.676562 0.801471 0.665625 0.804228 0.665625 0.811581 0.676562 0.814338 0.685937 0.813419 0.703125 0.801471 0.714063 0.800551 0.721875 0.803309 0.720313 0.809743 0.715625 0.812500 0.712500 0.817096 0.714063 0.820772 0.720313 0.820772 0.721875 0.816176 0.726562 0.813419 0.740625 0.812500 0.746875 0.806985 0.748437 0.795037 0.745313 0.785846 0.740625 0.781250
0 0.684375 0.738051 0.684375 0.750000 0.685937 0.750919 0.689063 0.750919 0.692187 0.752757 0.693750 0.752757 0.695312 0.753676 0.701562 0.753676 0.703125 0.752757 0.704688 0.752757 0.709375 0.750000 0.712500 0.750000 0.714063 0.749081 0.714063 0.744485 0.712500 0.743566 0.707812 0.743566 0.701562 0.739890 0.701562 0.738051 0.700000 0.737132 0.685937 0.737132
0 0.384375 0.505515 0.370312 0.505515 0.368750 0.506434 0.367188 0.516544 0.359375 0.520221 0.356250 0.520221 0.354687 0.521140 0.348438 0.521140 0.346875 0.522059 0.346875 0.536765 0.348438 0.537684 0.359375 0.537684 0.360938 0.536765 0.360938 0.534926 0.364063 0.533088 0.368750 0.533088 0.370312 0.534007 0.371875 0.533088 0.378125 0.532169 0.381250 0.530331 0.382812 0.530331 0.395313 0.522059 0.400000 0.522059 0.401562 0.521140 0.401562 0.515625 0.400000 0.514706 0.395313 0.514706 0.387500 0.510110 0.385937 0.506434
0 0.543750 0.619485 0.542188 0.620404 0.542188 0.623162 0.534375 0.627757 0.529687 0.627757 0.528125 0.628676 0.528125 0.642463 0.529687 0.643382 0.534375 0.643382 0.540625 0.647059 0.545312 0.647978 0.554688 0.653493 0.557813 0.654412 0.568750 0.654412 0.570312 0.655331 0.573438 0.654412 0.578125 0.654412 0.582812 0.650735 0.582812 0.645221 0.593750 0.637868 0.593750 0.636029 0.595313 0.635110 0.593750 0.631434 0.579688 0.623162 0.579688 0.620404 0.578125 0.619485
0 0.954688 0.696691 0.953125 0.697610 0.953125 0.713235 0.954688 0.714154 0.959375 0.714154 0.964063 0.716912 0.971875 0.716912 0.975000 0.715074 0.975000 0.713235 0.976562 0.712316 0.976562 0.710478 0.975000 0.709559 0.975000 0.707721 0.965625 0.702206 0.965625 0.701287 0.964063 0.700368 0.964063 0.697610 0.962500 0.696691
0 0.567187 0.545956 0.565625 0.546875 0.565625 0.558824 0.567187 0.559743 0.581250 0.559743 0.582812 0.558824 0.582812 0.556985 0.590625 0.552390 0.590625 0.551471 0.589063 0.550551 0.589063 0.546875 0.587500 0.545956
0 0.696875 0.664522 0.698438 0.665441 0.701562 0.665441 0.703125 0.664522 0.707812 0.664522 0.714063 0.661765 0.723437 0.661765 0.725000 0.662684 0.731250 0.662684 0.737500 0.659926 0.748437 0.657169 0.753125 0.654412 0.756250 0.654412 0.757812 0.653493 0.757812 0.649816 0.756250 0.648897 0.709375 0.648897 0.707812 0.649816 0.707812 0.651654 0.701562 0.655331 0.698438 0.655331 0.696875 0.656250
0 0.464062 0.715074 0.442188 0.715074 0.440625 0.715993 0.440625 0.722426 0.439063 0.723346 0.439063 0.725184 0.432812 0.729779 0.423438 0.727022 0.417187 0.727022 0.415625 0.727941 0.415625 0.741728 0.417187 0.742647 0.423438 0.743566 0.426563 0.745404 0.435937 0.748162 0.445312 0.748162 0.448437 0.746324 0.450000 0.746324 0.459375 0.739890 0.460938 0.733456 0.467187 0.729779 0.468750 0.724265 0.467187 0.723346 0.467187 0.719669 0.465625 0.718750 0.465625 0.715993
0 0.778125 0.628676 0.779687 0.629596 0.784375 0.629596 0.785937 0.628676 0.790625 0.628676 0.798438 0.624081 0.800000 0.624081 0.801562 0.623162 0.803125 0.623162 0.806250 0.621324 0.807813 0.621324 0.809375 0.620404 0.812500 0.620404 0.814063 0.619485 0.814063 0.613051 0.812500 0.612132 0.779687 0.612132 0.778125 0.613051
0 0.059375 0.725184 0.060937 0.735294 0.075000 0.738971 0.090625 0.749081 0.109375 0.748162 0.121875 0.759191 0.129688 0.759191 0.160938 0.750000 0.182812 0.754596 0.198437 0.765625 0.207813 0.765625 0.214062 0.756434 0.207813 0.740809 0.232813 0.726103 0.229687 0.715993 0.218750 0.709559 0.217188 0.696691 0.225000 0.687500 0.217188 0.683824 0.200000 0.684743 0.187500 0.680147 0.181250 0.674632 0.171875 0.674632 0.170313 0.678309 0.151562 0.687500 0.145313 0.694853 0.145313 0.700368 0.154688 0.706801 0.151562 0.708640 0.135937 0.708640 0.115625 0.713235 0.103125 0.704963 0.095312 0.704963
0 0.665625 0.812500 0.667188 0.813419 0.670312 0.813419 0.673438 0.815257 0.673438 0.816176 0.675000 0.817096 0.685937 0.817096 0.687500 0.816176 0.687500 0.814338 0.693750 0.810662 0.693750 0.809743 0.696875 0.807904 0.700000 0.807904 0.701562 0.806985 0.701562 0.804228 0.700000 0.803309 0.667188 0.803309 0.665625 0.804228
0 0.090625 0.568934 0.090625 0.576287 0.095312 0.577206 0.109375 0.583640 0.121875 0.592831 0.139063 0.599265 0.150000 0.597426 0.171875 0.598346 0.182812 0.595588 0.206250 0.595588 0.214062 0.593750 0.214062 0.586397 0.206250 0.585478 0.200000 0.582721 0.182812 0.582721 0.164062 0.587316 0.150000 0.582721 0.139063 0.581801 0.132812 0.579963 0.123438 0.574449 0.118750 0.568015 0.092188 0.568015
0 0.510938 0.678309 0.509375 0.679228 0.509375 0.691176 0.510938 0.692096 0.514062 0.692096 0.517188 0.693934 0.517188 0.694853 0.518750 0.695772 0.528125 0.695772 0.529687 0.694853 0.529687 0.693015 0.534375 0.690257 0.537500 0.690257 0.539062 0.689338 0.539062 0.683824 0.537500 0.682904 0.535937 0.682904 0.532813 0.681066 0.532813 0.679228 0.531250 0.678309
0 0.535937 0.556985 0.534375 0.557904 0.534375 0.573529 0.535937 0.574449 0.539062 0.574449 0.542188 0.576287 0.542188 0.577206 0.545312 0.579044 0.545312 0.579963 0.550000 0.582721 0.550000 0.584559 0.551562 0.585478 0.559375 0.585478 0.560937 0.584559 0.560937 0.582721 0.565625 0.579963 0.568750 0.579963 0.570312 0.579044 0.570312 0.570772 0.568750 0.569853 0.565625 0.569853 0.557813 0.565257 0.557813 0.564338 0.554688 0.561581 0.554688 0.557904 0.553125 0.556985
0 0.150000 0.597426 0.137500 0.597426 0.135937 0.598346 0.135937 0.600184 0.132812 0.602022 0.129688 0.602022 0.128125 0.602941 0.128125 0.617647 0.129688 0.618566 0.145313 0.618566 0.146875 0.617647 0.146875 0.615809 0.150000 0.613971 0.151562 0.613971 0.159375 0.610294 0.162500 0.610294 0.164062 0.609375 0.164062 0.607537 0.162500 0.606618 0.159375 0.606618 0.153125 0.602941 0.153125 0.602022 0.151562 0.601103 0.151562 0.598346
0 0.081250 0.476103 0.073438 0.486213 0.054688 0.494485 0.053125 0.499081 0.060937 0.504596 0.064062 0.510110 0.071875 0.514706 0.082812 0.513787 0.096875 0.521140 0.103125 0.518382 0.109375 0.518382 0.120313 0.530331 0.115625 0.537684 0.118750 0.553309 0.126562 0.555147 0.131250 0.559743 0.137500 0.559743 0.151562 0.549632 0.176563 0.542279 0.176563 0.531250 0.168750 0.530331 0.160938 0.526654 0.157812 0.513787 0.150000 0.500919 0.143750 0.497243 0.129688 0.495404 0.125000 0.492647 0.123438 0.487132 0.112500 0.476103
0 0.235937 0.670956 0.234375 0.671875 0.234375 0.683824 0.235937 0.684743 0.250000 0.684743 0.251563 0.683824 0.251563 0.682904 0.254688 0.681066 0.256250 0.681066 0.257812 0.680147 0.257812 0.675551 0.256250 0.674632 0.254688 0.674632 0.251563 0.672794 0.251563 0.671875 0.250000 0.670956
0 0.803125 0.748162 0.770312 0.748162 0.768750 0.749081 0.768750 0.754596 0.767188 0.755515 0.767188 0.758272 0.764062 0.760110 0.760938 0.760110 0.759375 0.761029 0.759375 0.772059 0.760938 0.772978 0.765625 0.772978 0.770312 0.775735 0.773438 0.775735 0.775000 0.776654 0.785937 0.775735 0.787500 0.774816 0.792188 0.773897 0.793750 0.772978 0.798438 0.766544 0.804688 0.762868 0.804688 0.760110 0.806250 0.759191 0.806250 0.751838 0.804688 0.750919 0.804688 0.749081
0 0.603125 0.749081 0.603125 0.763787 0.604688 0.764706 0.609375 0.764706 0.614062 0.766544 0.618750 0.766544 0.621875 0.767463 0.626563 0.770221 0.626563 0.772059 0.628125 0.772978 0.631250 0.772978 0.632812 0.772059 0.632812 0.769301 0.637500 0.765625 0.645312 0.765625 0.651563 0.768382 0.654687 0.766544 0.656250 0.766544 0.667188 0.760110 0.670312 0.759191 0.668750 0.757353 0.665625 0.757353 0.659375 0.753676 0.657813 0.753676 0.653125 0.750919 0.653125 0.749081 0.651563 0.748162 0.604688 0.748162
0 0.315625 0.473346 0.315625 0.481618 0.317188 0.482537 0.318750 0.482537 0.321875 0.484375 0.321875 0.485294 0.323437 0.486213 0.331250 0.486213 0.332813 0.485294 0.332813 0.483456 0.335938 0.481618 0.337500 0.481618 0.339062 0.480699 0.343750 0.480699 0.345313 0.479779 0.345313 0.473346 0.343750 0.472426 0.317188 0.472426
0 0.176563 0.776654 0.164062 0.777574 0.156250 0.782169 0.153125 0.787684 0.139063 0.794118 0.134375 0.798713 0.132812 0.804228 0.123438 0.812500 0.106250 0.817096 0.095312 0.823529 0.089063 0.846507 0.100000 0.850184 0.112500 0.858456 0.117188 0.858456 0.121875 0.855699 0.120313 0.839154 0.129688 0.829963 0.129688 0.824449 0.132812 0.822610 0.146875 0.820772 0.153125 0.817096 0.167187 0.816176 0.176563 0.813419 0.214062 0.796875 0.212500 0.793199 0.203125 0.790441 0.182812 0.778493
0 0.100000 0.762868 0.064062 0.762868 0.059375 0.766544 0.042188 0.768382 0.037500 0.771140 0.028125 0.773897 0.028125 0.781250 0.032813 0.782169 0.048438 0.791360 0.050000 0.799632 0.053125 0.805147 0.067187 0.812500 0.073438 0.812500 0.084375 0.808824 0.090625 0.800551 0.090625 0.798713 0.085938 0.795956 0.090625 0.790441 0.090625 0.786765 0.100000 0.782169 0.104688 0.781250 0.114062 0.773897 0.109375 0.772978 0.101562 0.767463 0.101562 0.763787
0 0.267188 0.681985 0.265625 0.682904 0.265625 0.691176 0.267188 0.692096 0.273438 0.692096 0.275000 0.693015 0.279687 0.693015 0.282813 0.694853 0.282813 0.698529 0.284375 0.699449 0.287500 0.699449 0.289062 0.698529 0.289062 0.682904 0.287500 0.681985
0 0.673438 0.549632 0.671875 0.550551 0.671875 0.556985 0.673438 0.557904 0.678125 0.557904 0.679688 0.558824 0.682813 0.558824 0.684375 0.559743 0.685937 0.559743 0.689063 0.561581 0.689063 0.562500 0.690625 0.563419 0.693750 0.563419 0.695312 0.562500 0.695312 0.550551 0.693750 0.549632
0 0.800000 0.748162 0.773438 0.748162 0.767188 0.758272 0.757812 0.764706 0.757812 0.769301 0.770312 0.780331 0.771875 0.791360 0.787500 0.804228 0.787500 0.807904 0.779687 0.816176 0.779687 0.825368 0.768750 0.829044 0.765625 0.835478 0.757812 0.840993 0.746875 0.843750 0.746875 0.847426 0.751563 0.848346 0.764062 0.857537 0.771875 0.857537 0.798438 0.840074 0.807813 0.836397 0.818750 0.835478 0.831250 0.826287 0.831250 0.819853 0.820312 0.805147 0.820312 0.801471 0.828125 0.795037 0.828125 0.788603 0.814063 0.780331 0.801562 0.779412 0.793750 0.773897 0.804688 0.761949 0.804688 0.753676
0 0.037500 0.373162 0.023438 0.373162 0.021875 0.374081 0.021875 0.415441 0.023438 0.416360 0.026562 0.416360 0.032813 0.413603 0.032813 0.409007 0.031250 0.408088 0.031250 0.404412 0.034375 0.400735 0.037500 0.398897 0.037500 0.393382 0.039062 0.392463 0.039062 0.390625 0.046875 0.385110 0.050000 0.385110 0.051562 0.384191 0.050000 0.382353 0.046875 0.382353 0.043750 0.380515 0.043750 0.379596 0.039062 0.376838 0.039062 0.374081
0 0.390625 0.410846 0.390625 0.419118 0.392188 0.420037 0.396875 0.420037 0.401562 0.422794 0.425000 0.422794 0.426563 0.421875 0.426563 0.414522 0.425000 0.413603 0.423438 0.413603 0.420312 0.411765 0.420312 0.410846 0.418750 0.409926 0.392188 0.409926
0 0.403125 0.627757 0.404687 0.635110 0.420312 0.633272 0.432812 0.636949 0.448437 0.635110 0.462500 0.640625 0.478125 0.641544 0.495312 0.655331 0.496875 0.659007 0.514062 0.659007 0.518750 0.647978 0.523438 0.644301 0.523438 0.635110 0.515625 0.630515 0.503125 0.630515 0.500000 0.628676 0.493750 0.615809 0.496875 0.613971 0.501563 0.615809 0.526563 0.615809 0.532813 0.611213 0.539062 0.610294 0.539062 0.598346 0.457813 0.597426 0.453125 0.606618 0.442188 0.613971
0 0.540625 0.599265 0.542188 0.600184 0.546875 0.600184 0.548438 0.599265 0.548438 0.598346 0.553125 0.595588 0.554688 0.595588 0.556250 0.594669 0.559375 0.594669 0.560937 0.593750 0.562500 0.593750 0.564063 0.592831 0.568750 0.592831 0.570312 0.591912 0.570312 0.587316 0.568750 0.586397 0.542188 0.586397 0.540625 0.587316
0 0.023438 0.376838 0.021875 0.377757 0.021875 0.389706 0.023438 0.390625 0.025000 0.390625 0.028125 0.392463 0.028125 0.393382 0.029687 0.394301 0.034375 0.394301 0.035937 0.393382 0.035937 0.391544 0.042188 0.387868 0.042188 0.386949 0.046875 0.384191 0.050000 0.384191 0.051562 0.383272 0.050000 0.382353 0.046875 0.382353 0.043750 0.380515 0.043750 0.377757 0.042188 0.376838
0 0.475000 0.748162 0.454688 0.748162 0.453125 0.749081 0.453125 0.760110 0.454688 0.761029 0.462500 0.761029 0.464062 0.761949 0.468750 0.759191 0.468750 0.757353 0.470313 0.756434 0.470313 0.753676 0.473438 0.751838 0.475000 0.751838 0.476562 0.750919 0.476562 0.749081
0 0.726562 0.670956 0.698438 0.670956 0.696875 0.671875 0.696875 0.700368 0.698438 0.701287 0.707812 0.701287 0.715625 0.696691 0.715625 0.695772 0.721875 0.691176 0.723437 0.691176 0.734375 0.684743 0.737500 0.684743 0.739062 0.683824 0.739062 0.681066 0.737500 0.680147 0.734375 0.680147 0.731250 0.678309 0.731250 0.677390 0.728125 0.674632 0.728125 0.671875
0 0.217188 0.623162 0.215625 0.624081 0.215625 0.639706 0.217188 0.640625 0.220312 0.640625 0.225000 0.643382 0.226562 0.643382 0.232813 0.647059 0.232813 0.647978 0.234375 0.648897 0.234375 0.650735 0.235937 0.651654 0.237500 0.650735 0.237500 0.649816 0.250000 0.642463 0.250000 0.636949 0.248438 0.636029 0.248438 0.635110 0.240625 0.630515 0.240625 0.629596 0.239063 0.628676 0.239063 0.626838 0.237500 0.625919 0.237500 0.624081 0.235937 0.623162
0 0.370312 0.472426 0.356250 0.473346 0.356250 0.482537 0.340625 0.490809 0.323437 0.505515 0.303125 0.504596 0.295312 0.515625 0.265625 0.526654 0.265625 0.550551 0.276562 0.555147 0.292187 0.556066 0.310937 0.567096 0.317188 0.567096 0.335938 0.558824 0.335938 0.556066 0.325000 0.549632 0.312500 0.547794 0.295312 0.538603 0.295312 0.534007 0.321875 0.513787 0.346875 0.520221 0.343750 0.530331 0.351562 0.534926 0.378125 0.531250 0.395313 0.519301 0.385937 0.509191 0.370312 0.503676 0.371875 0.497243 0.384375 0.489890 0.384375 0.486213
0 0.303125 0.473346 0.303125 0.475184 0.310937 0.479779 0.314063 0.479779 0.315625 0.480699 0.318750 0.480699 0.320312 0.481618 0.323437 0.481618 0.325000 0.482537 0.331250 0.482537 0.332813 0.481618 0.334375 0.481618 0.337500 0.479779 0.339062 0.479779 0.340625 0.478860 0.340625 0.477022 0.342187 0.476103 0.342187 0.473346 0.340625 0.472426 0.304688 0.472426
0 0.203125 0.671875 0.203125 0.683824 0.204687 0.684743 0.207813 0.684743 0.209375 0.683824 0.209375 0.682904 0.214062 0.680147 0.215625 0.680147 0.226562 0.674632 0.229687 0.676471 0.229687 0.677390 0.237500 0.681985 0.237500 0.683824 0.239063 0.684743 0.256250 0.684743 0.257812 0.683824 0.257812 0.671875 0.256250 0.670956 0.204687 0.670956
0 0.096875 0.818015 0.092188 0.823529 0.092188 0.825368 0.084375 0.829044 0.084375 0.848346 0.085938 0.849265 0.089063 0.849265 0.100000 0.852022 0.109375 0.858456 0.112500 0.859375 0.117188 0.859375 0.120313 0.858456 0.123438 0.855699 0.123438 0.845588 0.121875 0.844669 0.121875 0.838235 0.129688 0.832721 0.129688 0.829963 0.131250 0.828125 0.128125 0.826287 0.125000 0.822610 0.125000 0.818934 0.123438 0.818015