0 0.381250 0.601103 0.348438 0.601103 0.346875 0.602022 0.346875 0.603860 0.343750 0.605699 0.342187 0.605699 0.340625 0.606618 0.340625 0.617647 0.342187 0.618566 0.343750 0.618566 0.346875 0.620404 0.346875 0.621324 0.348438 0.622243 0.354687 0.622243 0.356250 0.621324 0.356250 0.619485 0.360938 0.616728 0.360938 0.615809 0.362500 0.614890 0.362500 0.613051 0.367188 0.610294 0.371875 0.609375 0.378125 0.605699 0.381250 0.605699 0.382812 0.604779 0.382812 0.602022
0 0.796875 0.594669 0.796875 0.611213 0.798438 0.612132 0.801562 0.612132 0.806250 0.613971 0.809375 0.613971 0.820312 0.607537 0.821875 0.607537 0.823438 0.606618 0.825000 0.606618 0.828125 0.604779 0.831250 0.604779 0.832812 0.603860 0.832812 0.594669 0.831250 0.593750 0.798438 0.593750
0 0.232813 0.325368 0.220312 0.325368 0.214062 0.332721 0.214062 0.336397 0.200000 0.343750 0.185938 0.344669 0.171875 0.341912 0.156250 0.343750 0.139063 0.350184 0.132812 0.355699 0.121875 0.360294 0.121875 0.370404 0.137500 0.372243 0.148438 0.380515 0.150000 0.386949 0.143750 0.394301 0.143750 0.401654 0.148438 0.404412 0.157812 0.405331 0.176563 0.400735 0.185938 0.389706 0.187500 0.382353 0.206250 0.369485 0.215625 0.367647 0.226562 0.372243 0.235937 0.369485 0.239063 0.361213 0.251563 0.350184 0.254688 0.342831 0.251563 0.339154 0.237500 0.331801
0 0.342187 0.674632 0.340625 0.675551 0.340625 0.691176 0.342187 0.692096 0.350000 0.692096 0.351562 0.693015 0.356250 0.691176 0.359375 0.691176 0.360938 0.690257 0.362500 0.690257 0.368750 0.686581 0.368750 0.685662 0.370312 0.684743 0.370312 0.675551 0.368750 0.674632
0 0.114062 0.597426 0.100000 0.597426 0.098437 0.598346 0.098437 0.601103 0.096875 0.602941 0.089063 0.607537 0.085938 0.607537 0.084375 0.608456 0.084375 0.631434 0.085938 0.632353 0.089063 0.632353 0.092188 0.634191 0.092188 0.636029 0.093750 0.636949 0.104688 0.636949 0.106250 0.636029 0.106250 0.633272 0.114062 0.626838 0.114062 0.625919 0.121875 0.621324 0.125000 0.621324 0.126562 0.620404 0.126562 0.615809 0.125000 0.614890 0.121875 0.614890 0.118750 0.613051 0.117188 0.609375 0.115625 0.608456 0.115625 0.598346
0 0.584375 0.767463 0.584375 0.774816 0.585938 0.775735 0.589063 0.775735 0.593750 0.778493 0.595313 0.778493 0.601562 0.782169 0.603125 0.782169 0.604688 0.783088 0.607812 0.783088 0.609375 0.784007 0.612500 0.784007 0.614062 0.784926 0.628125 0.776654 0.631250 0.776654 0.632812 0.775735 0.632812 0.767463 0.631250 0.766544 0.585938 0.766544
0 0.840625 0.605699 0.840625 0.617647 0.842187 0.618566 0.845313 0.618566 0.848437 0.620404 0.848437 0.621324 0.850000 0.622243 0.857812 0.622243 0.859375 0.621324 0.859375 0.619485 0.864062 0.616728 0.868750 0.616728 0.870313 0.615809 0.870313 0.611213 0.868750 0.610294 0.865625 0.610294 0.860938 0.607537 0.860938 0.605699 0.859375 0.604779 0.842187 0.604779
0 0.200000 0.649816 0.198437 0.648897 0.167187 0.648897 0.165625 0.649816 0.165625 0.651654 0.162500 0.653493 0.159375 0.653493 0.157812 0.654412 0.150000 0.656250 0.146875 0.658088 0.142187 0.658088 0.140625 0.659007 0.140625 0.663603 0.142187 0.664522 0.146875 0.664522 0.148438 0.665441 0.159375 0.665441 0.160938 0.666360 0.162500 0.666360 0.167187 0.670037 0.170313 0.670037 0.171875 0.669118 0.171875 0.667279 0.179688 0.662684 0.181250 0.662684 0.184375 0.660846 0.185938 0.660846 0.190625 0.659007 0.193750 0.659007 0.195312 0.658088 0.196875 0.658088 0.201563 0.655331 0.201563 0.654412 0.200000 0.653493
0 0.834375 0.664522 0.834375 0.683824 0.835938 0.684743 0.848437 0.684743 0.850000 0.683824 0.850000 0.682904 0.853125 0.681066 0.854688 0.681066 0.856250 0.680147 0.860938 0.680147 0.862500 0.679228 0.864062 0.679228 0.868750 0.677390 0.868750 0.676471 0.870313 0.675551 0.870313 0.673713 0.868750 0.672794 0.868750 0.671875 0.859375 0.666360 0.859375 0.664522 0.857812 0.663603 0.835938 0.663603
0 0.221875 0.302390 0.221875 0.315257 0.223438 0.316176 0.228125 0.316176 0.231250 0.318015 0.234375 0.321691 0.240625 0.322610 0.245312 0.320772 0.248438 0.320772 0.250000 0.321691 0.267188 0.322610 0.268750 0.321691 0.276562 0.320772 0.282813 0.323529 0.287500 0.323529 0.289062 0.322610 0.289062 0.311581 0.282813 0.308824 0.281250 0.305147 0.276562 0.302390 0.276562 0.301471 0.270313 0.298713 0.270313 0.296875 0.268750 0.295956 0.232813 0.295956 0.231250 0.296875 0.231250 0.298713 0.226562 0.301471 0.223438 0.301471
0 0.767188 0.612132 0.765625 0.613051 0.765625 0.624081 0.767188 0.625000 0.770312 0.625000 0.773438 0.626838 0.773438 0.628676 0.775000 0.629596 0.781250 0.629596 0.782813 0.628676 0.782813 0.626838 0.784375 0.625919 0.784375 0.624081 0.787500 0.622243 0.787500 0.621324 0.790625 0.619485 0.793750 0.619485 0.795312 0.618566 0.795312 0.613051 0.793750 0.612132
0 0.304688 0.641544 0.303125 0.642463 0.303125 0.651654 0.304688 0.652574 0.307812 0.652574 0.312500 0.655331 0.312500 0.656250 0.315625 0.658088 0.325000 0.658088 0.326562 0.657169 0.326562 0.649816 0.325000 0.648897 0.321875 0.648897 0.318750 0.647059 0.318750 0.646140 0.315625 0.644301 0.315625 0.642463 0.314063 0.641544
0 0.290625 0.701287 0.290625 0.713235 0.292187 0.714154 0.306250 0.714154 0.307812 0.713235 0.307812 0.712316 0.314063 0.708640 0.318750 0.708640 0.320312 0.707721 0.320312 0.701287 0.318750 0.700368 0.292187 0.700368
0 0.246875 0.659007 0.248438 0.659926 0.251563 0.659926 0.254688 0.661765 0.256250 0.661765 0.259375 0.663603 0.259375 0.665441 0.260937 0.666360 0.265625 0.666360 0.267188 0.665441 0.267188 0.663603 0.270313 0.661765 0.271875 0.661765 0.275000 0.659926 0.276562 0.659926 0.281250 0.657169 0.282813 0.657169 0.290625 0.652574 0.293750 0.652574 0.295312 0.651654 0.295312 0.646140 0.293750 0.645221 0.256250 0.645221 0.254688 0.646140 0.254688 0.647978 0.251563 0.649816 0.248438 0.649816 0.246875 0.650735
0 0.360938 0.726103 0.359375 0.727022 0.359375 0.738971 0.360938 0.739890 0.365625 0.739890 0.371875 0.743566 0.371875 0.744485 0.375000 0.747243 0.375000 0.750000 0.376563 0.750919 0.385937 0.750919 0.387500 0.750000 0.387500 0.748162 0.390625 0.746324 0.390625 0.745404 0.393750 0.743566 0.393750 0.742647 0.398438 0.739890 0.400000 0.739890 0.401562 0.738971 0.401562 0.736213 0.400000 0.735294 0.395313 0.735294 0.390625 0.732537 0.385937 0.731618 0.382812 0.729779 0.382812 0.727022 0.381250 0.726103
0 0.335938 0.428309 0.334375 0.429228 0.334375 0.457721 0.342187 0.459559 0.353125 0.459559 0.364063 0.465074 0.365625 0.467831 0.371875 0.467831 0.373437 0.465074 0.378125 0.463235 0.381250 0.460478 0.381250 0.454963 0.375000 0.448529 0.370312 0.445772 0.368750 0.442096 0.373437 0.437500 0.389062 0.434743 0.389062 0.429228 0.387500 0.428309 0.362500 0.428309 0.360938 0.431066 0.351562 0.436581 0.345313 0.437500 0.342187 0.434743 0.350000 0.431066 0.350000 0.429228 0.348438 0.428309
0 0.884375 0.613051 0.884375 0.618566 0.885938 0.619485 0.890625 0.619485 0.895312 0.621324 0.910937 0.621324 0.915625 0.624081 0.915625 0.625000 0.917188 0.625919 0.931250 0.625919 0.932813 0.625000 0.932813 0.618566 0.931250 0.617647 0.926562 0.617647 0.921875 0.614890 0.921875 0.613051 0.920312 0.612132 0.885938 0.612132
0 0.021875 0.712316 0.021875 0.760110 0.029687 0.761949 0.054688 0.761029 0.067187 0.762868 0.075000 0.761029 0.096875 0.750919 0.101562 0.750000 0.093750 0.746324 0.092188 0.742647 0.084375 0.737132 0.064062 0.735294 0.057813 0.730699 0.057813 0.724265 0.060937 0.722426 0.071875 0.722426 0.078125 0.718750 0.079687 0.715074 0.078125 0.711397 0.023438 0.711397
0 0.035937 0.424632 0.034375 0.425551 0.034375 0.439338 0.035937 0.440257 0.039062 0.440257 0.042188 0.442096 0.043750 0.444853 0.056250 0.452206 0.057813 0.452206 0.059375 0.453125 0.065625 0.453125 0.075000 0.445772 0.075000 0.439338 0.079687 0.436581 0.081250 0.436581 0.082812 0.435662 0.082812 0.434743 0.081250 0.433824 0.079687 0.433824 0.075000 0.431066 0.075000 0.430147 0.073438 0.429228 0.073438 0.425551 0.071875 0.424632
0 0.039062 0.630515 0.023438 0.630515 0.021875 0.631434 0.021875 0.669118 0.023438 0.670037 0.029687 0.670037 0.034375 0.666360 0.039062 0.666360 0.040625 0.665441 0.046875 0.665441 0.051562 0.662684 0.056250 0.662684 0.057813 0.661765 0.057813 0.652574 0.056250 0.651654 0.050000 0.650735 0.039062 0.645221 0.039062 0.639706 0.040625 0.638787 0.040625 0.631434
0 0.242188 0.693934 0.240625 0.693015 0.220312 0.693015 0.218750 0.693934 0.218750 0.695772 0.215625 0.697610 0.214062 0.697610 0.212500 0.698529 0.204687 0.698529 0.203125 0.699449 0.203125 0.713235 0.204687 0.714154 0.217188 0.714154 0.218750 0.713235 0.218750 0.711397 0.221875 0.709559 0.228125 0.709559 0.229687 0.710478 0.235937 0.710478 0.237500 0.709559 0.240625 0.709559 0.242188 0.708640 0.243750 0.708640 0.245312 0.707721 0.245312 0.705882 0.246875 0.704963 0.246875 0.704044 0.245312 0.703125 0.245312 0.702206 0.243750 0.701287 0.243750 0.699449 0.242188 0.698529
0 0.121875 0.454963 0.121875 0.460478 0.123438 0.461397 0.126562 0.461397 0.129688 0.463235 0.131250 0.463235 0.140625 0.468750 0.142187 0.468750 0.146875 0.470588 0.156250 0.470588 0.157812 0.469669 0.157812 0.461397 0.156250 0.460478 0.153125 0.460478 0.150000 0.458640 0.150000 0.454963 0.148438 0.454044 0.123438 0.454044
0 0.134375 0.694853 0.135937 0.695772 0.145313 0.695772 0.146875 0.694853 0.148438 0.694853 0.150000 0.693934 0.151562 0.693934 0.153125 0.693015 0.153125 0.692096 0.160938 0.687500 0.162500 0.687500 0.164062 0.686581 0.168750 0.686581 0.170313 0.685662 0.170313 0.679228 0.168750 0.678309 0.135937 0.678309 0.134375 0.679228
0 0.334375 0.491728 0.334375 0.505515 0.335938 0.506434 0.340625 0.506434 0.345313 0.509191 0.345313 0.511029 0.346875 0.511949 0.351562 0.511949 0.353125 0.511029 0.353125 0.510110 0.357812 0.507353 0.359375 0.507353 0.365625 0.503676 0.368750 0.503676 0.370312 0.502757 0.370312 0.497243 0.368750 0.496324 0.365625 0.496324 0.362500 0.494485 0.362500 0.491728 0.360938 0.490809 0.335938 0.490809
0 0.667188 0.538603 0.665625 0.539522 0.665625 0.545956 0.667188 0.546875 0.670312 0.546875 0.679688 0.552390 0.679688 0.553309 0.682813 0.555147 0.682813 0.556066 0.684375 0.556985 0.685937 0.556985 0.687500 0.556066 0.689063 0.556066 0.692187 0.554228 0.692187 0.553309 0.693750 0.552390 0.693750 0.551471 0.695312 0.550551 0.695312 0.549632 0.696875 0.548713 0.696875 0.547794 0.701562 0.545037 0.701562 0.544118 0.700000 0.543199 0.700000 0.539522 0.698438 0.538603
0 0.284375 0.562500 0.284375 0.571691 0.285938 0.572610 0.289062 0.572610 0.290625 0.573529 0.293750 0.573529 0.295312 0.574449 0.296875 0.574449 0.298438 0.573529 0.300000 0.573529 0.303125 0.571691 0.304688 0.571691 0.306250 0.570772 0.315625 0.570772 0.320312 0.568015 0.320312 0.564338 0.318750 0.563419 0.318750 0.562500 0.315625 0.559743 0.315625 0.557904 0.314063 0.556985 0.293750 0.556985 0.292187 0.557904 0.292187 0.559743 0.289062 0.561581 0.285938 0.561581
0 0.700000 0.443015 0.679688 0.443015 0.678125 0.443934 0.678125 0.444853 0.675000 0.446691 0.673438 0.446691 0.671875 0.447610 0.671875 0.470588 0.673438 0.471507 0.676562 0.471507 0.678125 0.470588 0.678125 0.468750 0.687500 0.463235 0.687500 0.462316 0.690625 0.460478 0.690625 0.459559 0.692187 0.458640 0.693750 0.455882 0.696875 0.454044 0.700000 0.454044 0.701562 0.453125 0.701562 0.443934
0 0.379688 0.689338 0.378125 0.690257 0.378125 0.702206 0.379688 0.703125 0.390625 0.703125 0.392188 0.702206 0.392188 0.700368 0.396875 0.697610 0.400000 0.697610 0.401562 0.696691 0.401562 0.690257 0.400000 0.689338
0 0.104688 0.409926 0.103125 0.410846 0.103125 0.426471 0.104688 0.427390 0.107813 0.427390 0.115625 0.431985 0.115625 0.433824 0.117188 0.434743 0.125000 0.434743 0.126562 0.433824 0.126562 0.432904 0.129688 0.431066 0.131250 0.431066 0.132812 0.430147 0.132812 0.420956 0.131250 0.420037 0.128125 0.420037 0.125000 0.418199 0.125000 0.410846 0.123438 0.409926
0 0.334375 0.650735 0.335938 0.651654 0.343750 0.651654 0.345313 0.650735 0.345313 0.648897 0.348438 0.647059 0.351562 0.647059 0.353125 0.646140 0.354687 0.646140 0.356250 0.645221 0.356250 0.644301 0.360938 0.641544 0.362500 0.641544 0.364063 0.640625 0.364063 0.638787 0.362500 0.637868 0.335938 0.637868 0.334375 0.638787
0 0.089063 0.781250 0.087500 0.782169 0.087500 0.784007 0.085938 0.785846 0.082812 0.787684 0.079687 0.787684 0.078125 0.788603 0.078125 0.803309 0.079687 0.804228 0.082812 0.804228 0.085938 0.806066 0.087500 0.810662 0.090625 0.812500 0.090625 0.813419 0.095312 0.815257 0.098437 0.815257 0.101562 0.814338 0.114062 0.806985 0.114062 0.806066 0.125000 0.799632 0.128125 0.795956 0.120313 0.791360 0.118750 0.791360 0.110937 0.787684 0.110937 0.786765 0.107813 0.784926 0.107813 0.782169 0.106250 0.781250
0 0.340625 0.778493 0.340625 0.789522 0.342187 0.790441 0.353125 0.790441 0.356250 0.788603 0.357812 0.788603 0.359375 0.787684 0.362500 0.787684 0.364063 0.786765 0.364063 0.778493 0.362500 0.777574 0.342187 0.777574
0 0.700000 0.443015 0.679688 0.443015 0.678125 0.443934 0.678125 0.444853 0.675000 0.446691 0.673438 0.446691 0.671875 0.447610 0.671875 0.459559 0.673438 0.460478 0.687500 0.460478 0.689063 0.459559 0.689063 0.457721 0.695312 0.454044 0.700000 0.454044 0.701562 0.453125 0.701562 0.443934
0 0.896875 0.363051 0.896875 0.372243 0.898438 0.373162 0.903125 0.373162 0.909375 0.376838 0.914062 0.376838 0.915625 0.377757 0.918750 0.377757 0.925000 0.379596 0.929688 0.379596 0.932813 0.378676 0.951562 0.368566 0.956250 0.368566 0.957812 0.367647 0.957812 0.359375 0.954688 0.358456 0.950000 0.354779 0.912500 0.354779 0.910937 0.355699 0.910937 0.357537 0.904687 0.361213 0.901563 0.362132 0.898438 0.362132
0 0.253125 0.627757 0.253125 0.634191 0.254688 0.635110 0.259375 0.635110 0.260937 0.636029 0.262500 0.636029 0.264062 0.636949 0.270313 0.636949 0.271875 0.636029 0.278125 0.636029 0.279687 0.635110 0.281250 0.635110 0.284375 0.633272 0.282813 0.632353 0.282813 0.630515 0.281250 0.629596 0.281250 0.627757 0.279687 0.626838 0.254688 0.626838
0 0.493750 0.674632 0.473438 0.674632 0.471875 0.675551 0.471875 0.687500 0.473438 0.688419 0.482812 0.688419 0.484375 0.687500 0.484375 0.686581 0.489063 0.683824 0.490625 0.683824 0.493750 0.681985 0.493750 0.681066 0.495312 0.680147 0.495312 0.675551
0 0.217188 0.726103 0.215625 0.727022 0.215625 0.738051 0.217188 0.738971 0.220312 0.738971 0.223438 0.740809 0.223438 0.742647 0.225000 0.743566 0.231250 0.743566 0.232813 0.742647 0.232813 0.740809 0.237500 0.738051 0.237500 0.737132 0.239063 0.736213 0.239063 0.732537 0.237500 0.731618 0.237500 0.730699 0.235937 0.729779 0.235937 0.727022 0.234375 0.726103
0 0.137500 0.494485 0.106250 0.494485 0.101562 0.499081 0.090625 0.500919 0.090625 0.525735 0.098437 0.530331 0.095312 0.533088 0.090625 0.534007 0.090625 0.554228 0.095312 0.555147 0.101562 0.558824 0.104688 0.558824 0.109375 0.556066 0.121875 0.540441 0.121875 0.535846 0.118750 0.531250 0.120313 0.526654 0.117188 0.521140 0.117188 0.516544 0.125000 0.511949 0.139063 0.510110 0.139063 0.495404
0 0.523438 0.726103 0.521875 0.727022 0.521875 0.738971 0.523438 0.739890 0.537500 0.739890 0.539062 0.738971 0.539062 0.727022 0.537500 0.726103
0 0.531250 0.564338 0.492188 0.564338 0.490625 0.565257 0.490625 0.572610 0.492188 0.573529 0.496875 0.573529 0.503125 0.578125 0.496875 0.581801 0.492188 0.581801 0.490625 0.582721 0.490625 0.593750 0.492188 0.594669 0.496875 0.594669 0.501563 0.596507 0.504687 0.596507 0.509375 0.593750 0.514062 0.582721 0.517188 0.580882 0.518750 0.578125 0.528125 0.572610 0.531250 0.572610 0.532813 0.571691 0.532813 0.565257
0 0.023438 0.538603 0.021875 0.539522 0.021875 0.554228 0.023438 0.555147 0.026562 0.555147 0.028125 0.556066 0.032813 0.556985 0.035937 0.558824 0.037500 0.558824 0.039062 0.559743 0.046875 0.559743 0.050000 0.557904 0.051562 0.557904 0.056250 0.555147 0.056250 0.553309 0.057813 0.552390 0.057813 0.550551 0.056250 0.549632 0.056250 0.545956 0.054688 0.545037 0.054688 0.539522 0.053125 0.538603
0 0.959375 0.462316 0.959375 0.474265 0.960938 0.475184 0.971875 0.475184 0.979688 0.470588 0.981250 0.470588 0.982812 0.469669 0.982812 0.462316 0.981250 0.461397 0.960938 0.461397
0 0.889062 0.528493 0.887500 0.527574 0.862500 0.527574 0.860938 0.528493 0.860938 0.530331 0.857812 0.532169 0.854688 0.532169 0.853125 0.533088 0.853125 0.543199 0.854688 0.544118 0.864062 0.544118 0.868750 0.541360 0.868750 0.540441 0.871875 0.538603 0.873437 0.538603 0.876563 0.536765 0.879687 0.536765 0.884375 0.534926 0.887500 0.534926 0.889062 0.534007
0 0.248438 0.623162 0.246875 0.624081 0.246875 0.629596 0.248438 0.630515 0.251563 0.630515 0.254688 0.632353 0.256250 0.635110 0.260937 0.637868 0.260937 0.644301 0.251563 0.649816 0.248438 0.649816 0.246875 0.650735 0.246875 0.659007 0.248438 0.659926 0.251563 0.659926 0.257812 0.663603 0.257812 0.665441 0.259375 0.666360 0.267188 0.666360 0.268750 0.665441 0.268750 0.663603 0.273438 0.660846 0.282813 0.657169 0.290625 0.652574 0.293750 0.652574 0.295312 0.651654 0.295312 0.644301 0.293750 0.643382 0.290625 0.643382 0.282813 0.636949 0.284375 0.636029 0.282813 0.630515 0.275000 0.625919 0.275000 0.624081 0.273438 0.623162
0 0.964063 0.352022 0.962500 0.351103 0.920312 0.351103 0.918750 0.353860 0.893750 0.366728 0.884375 0.368566 0.871875 0.373162 0.853125 0.373162 0.845313 0.378676 0.840625 0.379596 0.840625 0.388787 0.853125 0.392463 0.859375 0.397978 0.867188 0.397978 0.868750 0.395221 0.896875 0.378676 0.903125 0.376838 0.921875 0.379596 0.932813 0.378676 0.950000 0.370404 0.964063 0.367647
0 0.040625 0.407169 0.040625 0.420956 0.042188 0.421875 0.048438 0.421875 0.050000 0.422794 0.053125 0.422794 0.064062 0.416360 0.068750 0.416360 0.070312 0.415441 0.070312 0.407169 0.068750 0.406250 0.042188 0.406250
0 0.079687 0.646140 0.078125 0.647059 0.078125 0.661765 0.079687 0.662684 0.082812 0.662684 0.085938 0.664522 0.085938 0.665441 0.087500 0.666360 0.090625 0.666360 0.092188 0.665441 0.092188 0.663603 0.096875 0.660846 0.098437 0.660846 0.101562 0.659007 0.101562 0.657169 0.103125 0.656250 0.098437 0.653493 0.098437 0.652574 0.092188 0.648897 0.090625 0.648897 0.087500 0.647059 0.085938 0.647059 0.084375 0.646140
0 0.592187 0.465993 0.592187 0.469669 0.584375 0.473346 0.584375 0.500000 0.585938 0.500919 0.592187 0.500919 0.598437 0.496324 0.601562 0.496324 0.620313 0.485294 0.629687 0.488051 0.640625 0.488051 0.646875 0.490809 0.645312 0.494485 0.651563 0.500919 0.662500 0.500919 0.664062 0.500000 0.664062 0.479779 0.662500 0.478860 0.657813 0.478860 0.648438 0.473346 0.632812 0.469669 0.628125 0.465074 0.593750 0.465074
0 0.457813 0.613051 0.456250 0.612132 0.435937 0.612132 0.434375 0.613051 0.434375 0.614890 0.426563 0.619485 0.425000 0.619485 0.423438 0.620404 0.417187 0.620404 0.415625 0.621324 0.415625 0.632353 0.417187 0.633272 0.425000 0.633272 0.426563 0.632353 0.426563 0.630515 0.429688 0.628676 0.431250 0.628676 0.439063 0.624081 0.440625 0.624081 0.442188 0.623162 0.445312 0.623162 0.446875 0.622243 0.448437 0.622243 0.451562 0.620404 0.456250 0.620404 0.457813 0.619485