0 0.451562 0.240809 0.409375 0.240809 0.404687 0.250000 0.389062 0.258272 0.387500 0.266544 0.379688 0.273897 0.385937 0.287684 0.403125 0.307904 0.382812 0.321691 0.392188 0.336397 0.384375 0.357537 0.387500 0.364890 0.396875 0.364890 0.403125 0.359375 0.418750 0.353860 0.428125 0.339154 0.442188 0.329044 0.456250 0.334559 0.456250 0.354779 0.459375 0.358456 0.464062 0.358456 0.475000 0.350184 0.473438 0.343750 0.496875 0.327206 0.492188 0.302390 0.525000 0.290441 0.525000 0.284926 0.514062 0.278493 0.482812 0.267463 0.456250 0.249081
0 0.187500 0.582721 0.145313 0.582721 0.143750 0.583640 0.143750 0.585478 0.139063 0.588235 0.135937 0.588235 0.134375 0.589154 0.134375 0.600184 0.135937 0.601103 0.140625 0.601103 0.146875 0.604779 0.146875 0.606618 0.148438 0.607537 0.160938 0.607537 0.162500 0.606618 0.162500 0.602941 0.164062 0.602022 0.164062 0.595588 0.168750 0.592831 0.170313 0.592831 0.171875 0.591912 0.178125 0.591912 0.184375 0.589154 0.187500 0.589154 0.189062 0.588235 0.189062 0.583640
0 0.250000 0.593750 0.218750 0.593750 0.217188 0.594669 0.217188 0.596507 0.214062 0.598346 0.210938 0.598346 0.204687 0.600184 0.195312 0.605699 0.192188 0.605699 0.190625 0.606618 0.190625 0.626838 0.192188 0.627757 0.203125 0.627757 0.204687 0.628676 0.207813 0.628676 0.210938 0.630515 0.210938 0.632353 0.212500 0.633272 0.217188 0.633272 0.218750 0.632353 0.218750 0.630515 0.223438 0.627757 0.223438 0.626838 0.232813 0.621324 0.235937 0.621324 0.242188 0.619485 0.245312 0.614890 0.243750 0.613971 0.243750 0.612132 0.239063 0.608456 0.239063 0.603860 0.246875 0.599265 0.250000 0.599265 0.251563 0.598346 0.251563 0.594669
0 0.312500 0.762868 0.275000 0.762868 0.273438 0.763787 0.273438 0.765625 0.270313 0.767463 0.267188 0.771140 0.264062 0.772978 0.260937 0.772978 0.259375 0.773897 0.259375 0.791360 0.260937 0.792279 0.265625 0.792279 0.270313 0.794118 0.278125 0.795037 0.279687 0.794118 0.284375 0.794118 0.290625 0.791360 0.298438 0.789522 0.307812 0.784007 0.307812 0.778493 0.303125 0.772978 0.303125 0.770221 0.307812 0.767463 0.312500 0.767463 0.314063 0.766544 0.314063 0.763787
0 0.554688 0.751838 0.553125 0.752757 0.553125 0.761949 0.554688 0.762868 0.559375 0.762868 0.568750 0.766544 0.567187 0.768382 0.553125 0.775735 0.553125 0.780331 0.554688 0.781250 0.559375 0.781250 0.568750 0.787684 0.575000 0.789522 0.578125 0.789522 0.584375 0.786765 0.595313 0.785846 0.600000 0.784007 0.606250 0.780331 0.607812 0.775735 0.609375 0.774816 0.609375 0.772059 0.612500 0.769301 0.612500 0.765625 0.601562 0.756434 0.601562 0.752757 0.600000 0.751838
0 0.390625 0.409926 0.368750 0.409926 0.367188 0.410846 0.367188 0.412684 0.364063 0.414522 0.360938 0.414522 0.359375 0.415441 0.359375 0.430147 0.360938 0.431066 0.364063 0.431066 0.365625 0.430147 0.365625 0.428309 0.368750 0.426471 0.370312 0.426471 0.378125 0.421875 0.379688 0.421875 0.382812 0.420037 0.385937 0.420037 0.387500 0.419118 0.389062 0.419118 0.393750 0.416360 0.393750 0.415441 0.392188 0.414522 0.392188 0.410846
0 0.617188 0.792279 0.600000 0.792279 0.598437 0.793199 0.598437 0.799632 0.592187 0.803309 0.578125 0.804228 0.565625 0.807904 0.565625 0.830882 0.567187 0.831801 0.570312 0.831801 0.581250 0.837316 0.584375 0.837316 0.600000 0.829044 0.614062 0.829963 0.618750 0.828125 0.618750 0.822610 0.617188 0.821691 0.617188 0.819853 0.625000 0.814338 0.625000 0.812500 0.628125 0.809743 0.626563 0.808824 0.625000 0.802390 0.620313 0.797794 0.620313 0.795956
0 0.121875 0.524816 0.121875 0.542279 0.126562 0.543199 0.139063 0.551471 0.146875 0.551471 0.159375 0.556985 0.164062 0.555147 0.181250 0.554228 0.189062 0.552390 0.196875 0.556066 0.198437 0.559743 0.212500 0.559743 0.214062 0.558824 0.214062 0.556985 0.207813 0.556066 0.203125 0.552390 0.201563 0.545037 0.206250 0.540441 0.206250 0.534926 0.195312 0.527574 0.193750 0.523897 0.123438 0.523897
0 0.823438 0.873162 0.821875 0.887868 0.843750 0.896140 0.845313 0.907169 0.842187 0.911765 0.835938 0.915441 0.821875 0.917279 0.821875 0.936581 0.845313 0.941176 0.854688 0.941176 0.865625 0.937500 0.878125 0.929228 0.893750 0.925551 0.907813 0.917279 0.907813 0.909926 0.901563 0.907169 0.900000 0.902574 0.887500 0.893382 0.871875 0.890625 0.851562 0.875919 0.850000 0.873162
0 0.728125 0.712316 0.728125 0.719669 0.729688 0.720588 0.732812 0.720588 0.737500 0.723346 0.739062 0.723346 0.742188 0.725184 0.743750 0.725184 0.751563 0.729779 0.751563 0.731618 0.753125 0.732537 0.754687 0.732537 0.756250 0.731618 0.756250 0.729779 0.765625 0.724265 0.768750 0.724265 0.770312 0.723346 0.770312 0.720588 0.768750 0.719669 0.765625 0.719669 0.764062 0.718750 0.762500 0.718750 0.759375 0.716912 0.757812 0.716912 0.753125 0.714154 0.753125 0.712316 0.751563 0.711397 0.729688 0.711397
0 0.175000 0.854779 0.173437 0.855699 0.173437 0.857537 0.170313 0.859375 0.167187 0.859375 0.165625 0.860294 0.165625 0.874081 0.167187 0.875000 0.170313 0.875000 0.175000 0.877757 0.176563 0.877757 0.178125 0.878676 0.184375 0.878676 0.185938 0.879596 0.196875 0.879596 0.206250 0.873162 0.206250 0.867647 0.204687 0.866728 0.203125 0.863971 0.200000 0.862132 0.200000 0.861213 0.193750 0.857537 0.193750 0.855699 0.192188 0.854779
0 0.468750 0.409926 0.443750 0.409926 0.442188 0.410846 0.442188 0.414522 0.440625 0.416360 0.434375 0.419118 0.434375 0.452206 0.435937 0.453125 0.446875 0.453125 0.448437 0.452206 0.448437 0.450368 0.467187 0.439338 0.468750 0.437500 0.468750 0.428309 0.475000 0.423713 0.475000 0.422794 0.478125 0.420956 0.481250 0.420956 0.482812 0.420037 0.482812 0.417279 0.481250 0.416360 0.476562 0.416360 0.470313 0.412684 0.470313 0.410846
0 0.439063 0.163603 0.434375 0.171875 0.417187 0.180147 0.395313 0.193934 0.390625 0.194853 0.390625 0.212316 0.400000 0.215074 0.407813 0.225184 0.415625 0.230699 0.423438 0.230699 0.435937 0.223346 0.440625 0.223346 0.450000 0.231618 0.450000 0.238971 0.457813 0.239890 0.462500 0.232537 0.467187 0.229779 0.476562 0.229779 0.481250 0.224265 0.489063 0.223346 0.501563 0.217831 0.501563 0.210478 0.495312 0.209559 0.484375 0.202206 0.479687 0.201287 0.471875 0.196691 0.468750 0.192096 0.468750 0.184743 0.475000 0.174632 0.473438 0.164522
0 0.271875 0.806985 0.250000 0.806985 0.248438 0.809743 0.239063 0.815257 0.226562 0.818934 0.218750 0.823529 0.217188 0.826287 0.209375 0.829044 0.209375 0.857537 0.214062 0.858456 0.220312 0.863971 0.226562 0.863971 0.235937 0.858456 0.237500 0.855699 0.235937 0.843750 0.242188 0.839154 0.243750 0.836397 0.250000 0.832721 0.260937 0.830882 0.275000 0.821691 0.282813 0.819853 0.282813 0.813419 0.276562 0.812500 0.273438 0.810662
0 0.334375 0.546875 0.334375 0.560662 0.335938 0.561581 0.340625 0.561581 0.342187 0.562500 0.348438 0.562500 0.350000 0.561581 0.351562 0.561581 0.353125 0.560662 0.354687 0.560662 0.359375 0.557904 0.362500 0.557904 0.364063 0.556985 0.364063 0.551471 0.362500 0.550551 0.360938 0.550551 0.357812 0.548713 0.357812 0.546875 0.356250 0.545956 0.335938 0.545956
0 0.665625 0.771140 0.665625 0.790441 0.667188 0.791360 0.693750 0.791360 0.695312 0.790441 0.695312 0.788603 0.703125 0.784007 0.706250 0.784007 0.707812 0.783088 0.707812 0.781250 0.706250 0.780331 0.703125 0.780331 0.690625 0.772978 0.690625 0.771140 0.689063 0.770221 0.667188 0.770221
0 0.301563 0.407169 0.292187 0.404412 0.285938 0.404412 0.284375 0.403493 0.268750 0.406250 0.262500 0.403493 0.262500 0.400735 0.265625 0.397978 0.265625 0.392463 0.264062 0.391544 0.242188 0.391544 0.240625 0.395221 0.229687 0.403493 0.229687 0.409007 0.226562 0.412684 0.221875 0.415441 0.215625 0.416360 0.215625 0.424632 0.220312 0.425551 0.226562 0.429228 0.229687 0.434743 0.231250 0.433824 0.231250 0.428309 0.239063 0.422794 0.256250 0.419118 0.265625 0.419118 0.270313 0.420956 0.278125 0.420956 0.284375 0.416360 0.292187 0.414522 0.295312 0.412684 0.300000 0.412684 0.301563 0.411765
0 0.798438 0.965074 0.796875 0.965993 0.796875 0.974265 0.798438 0.975184 0.803125 0.975184 0.807813 0.977941 0.809375 0.977941 0.817187 0.983456 0.817187 0.985294 0.821875 0.990809 0.820312 0.999081 0.851562 0.999081 0.851562 0.997243 0.850000 0.996324 0.850000 0.982537 0.848437 0.981618 0.848437 0.979779 0.845313 0.976103 0.842187 0.974265 0.835938 0.972426 0.832812 0.972426 0.825000 0.969669 0.821875 0.967831 0.821875 0.965993 0.820312 0.965074
0 0.359375 0.745404 0.359375 0.759191 0.360938 0.760110 0.364063 0.760110 0.371875 0.764706 0.375000 0.764706 0.376563 0.765625 0.378125 0.765625 0.379688 0.764706 0.382812 0.764706 0.385937 0.762868 0.387500 0.762868 0.396875 0.757353 0.400000 0.757353 0.401562 0.756434 0.401562 0.755515 0.400000 0.754596 0.398438 0.754596 0.385937 0.747243 0.385937 0.745404 0.384375 0.744485 0.360938 0.744485
0 0.339062 0.674632 0.329688 0.674632 0.328125 0.675551 0.328125 0.678309 0.329688 0.679228 0.329688 0.681985 0.328125 0.682904 0.328125 0.683824 0.321875 0.687500 0.317188 0.687500 0.315625 0.688419 0.315625 0.698529 0.317188 0.699449 0.320312 0.699449 0.323437 0.701287 0.323437 0.702206 0.325000 0.703125 0.331250 0.703125 0.332813 0.702206 0.332813 0.700368 0.335938 0.698529 0.337500 0.698529 0.346875 0.693015 0.350000 0.693015 0.351562 0.692096 0.351562 0.682904 0.350000 0.681985 0.346875 0.681985 0.343750 0.680147 0.343750 0.679228 0.340625 0.677390 0.340625 0.675551
0 0.553125 0.748162 0.554688 0.749081 0.564063 0.749081 0.568750 0.746324 0.570312 0.746324 0.573438 0.744485 0.575000 0.744485 0.576562 0.743566 0.578125 0.743566 0.582812 0.740809 0.587500 0.740809 0.589063 0.739890 0.589063 0.734375 0.587500 0.733456 0.562500 0.733456 0.560937 0.734375 0.560937 0.737132 0.557813 0.738971 0.554688 0.738971 0.553125 0.739890
0 0.553125 0.412684 0.553125 0.419118 0.554688 0.420037 0.560937 0.420037 0.562500 0.420956 0.565625 0.420956 0.567187 0.421875 0.570312 0.421875 0.571875 0.422794 0.579688 0.424632 0.582812 0.426471 0.587500 0.425551 0.598437 0.419118 0.600000 0.419118 0.601562 0.418199 0.606250 0.418199 0.607812 0.417279 0.607812 0.412684 0.606250 0.411765 0.603125 0.411765 0.600000 0.409926 0.600000 0.407169 0.598437 0.406250 0.568750 0.406250 0.567187 0.407169 0.567187 0.408088 0.562500 0.410846 0.560937 0.410846 0.559375 0.411765 0.554688 0.411765
0 0.651563 0.387868 0.621875 0.387868 0.617188 0.394301 0.607812 0.400735 0.603125 0.401654 0.603125 0.410846 0.614062 0.412684 0.620313 0.416360 0.618750 0.421875 0.614062 0.424632 0.603125 0.426471 0.603125 0.433824 0.614062 0.435662 0.623437 0.441176 0.642188 0.437500 0.656250 0.431066 0.660937 0.426471 0.662500 0.416360 0.670312 0.411765 0.670312 0.399816 0.665625 0.398897 0.653125 0.391544
0 0.562500 0.605699 0.560937 0.604779 0.526563 0.604779 0.525000 0.605699 0.525000 0.608456 0.509375 0.616728 0.492188 0.615809 0.487500 0.616728 0.476562 0.622243 0.473438 0.622243 0.471875 0.623162 0.471875 0.633272 0.479687 0.635110 0.490625 0.639706 0.498437 0.639706 0.514062 0.630515 0.515625 0.627757 0.521875 0.625000 0.542188 0.624081 0.551562 0.627757 0.557813 0.627757 0.562500 0.623162 0.556250 0.615809 0.556250 0.612132 0.562500 0.607537
0 0.140625 0.561581 0.140625 0.571691 0.142187 0.572610 0.146875 0.572610 0.148438 0.573529 0.150000 0.573529 0.151562 0.574449 0.159375 0.574449 0.165625 0.570772 0.168750 0.570772 0.170313 0.569853 0.170313 0.561581 0.168750 0.560662 0.142187 0.560662
0 0.454688 0.373162 0.453125 0.374081 0.453125 0.389706 0.454688 0.390625 0.465625 0.390625 0.467187 0.389706 0.467187 0.387868 0.471875 0.385110 0.475000 0.385110 0.476562 0.384191 0.476562 0.374081 0.475000 0.373162
0 0.481250 0.795956 0.456250 0.795956 0.454688 0.796875 0.454688 0.798713 0.451562 0.800551 0.448437 0.800551 0.446875 0.801471 0.446875 0.813419 0.448437 0.814338 0.453125 0.814338 0.456250 0.816176 0.462500 0.816176 0.465625 0.814338 0.467187 0.814338 0.471875 0.811581 0.471875 0.810662 0.479687 0.806066 0.481250 0.806066 0.482812 0.805147 0.482812 0.796875
0 0.128125 0.491728 0.128125 0.502757 0.129688 0.503676 0.137500 0.503676 0.148438 0.506434 0.159375 0.506434 0.160938 0.507353 0.167187 0.507353 0.168750 0.508272 0.179688 0.507353 0.182812 0.509191 0.182812 0.511029 0.184375 0.511949 0.193750 0.511949 0.195312 0.511029 0.195312 0.498162 0.193750 0.497243 0.190625 0.497243 0.187500 0.495404 0.181250 0.488971 0.178125 0.488051 0.168750 0.482537 0.168750 0.480699 0.167187 0.479779 0.148438 0.479779 0.146875 0.480699 0.146875 0.483456 0.134375 0.490809 0.129688 0.490809
0 0.431250 0.318015 0.385937 0.318015 0.384375 0.318934 0.384375 0.360294 0.385937 0.361213 0.403125 0.361213 0.407813 0.357537 0.415625 0.356618 0.428125 0.348346 0.429688 0.343750 0.431250 0.342831 0.431250 0.340074 0.439063 0.336397 0.443750 0.336397 0.445312 0.335478 0.445312 0.331801 0.443750 0.330882 0.440625 0.330882 0.437500 0.329044 0.437500 0.327206 0.432812 0.322610 0.432812 0.318934
0 0.435937 0.472426 0.434375 0.473346 0.434375 0.480699 0.435937 0.481618 0.440625 0.481618 0.445312 0.484375 0.448437 0.488971 0.448437 0.491728 0.446875 0.494485 0.440625 0.498162 0.435937 0.498162 0.434375 0.499081 0.434375 0.522059 0.437500 0.522978 0.442188 0.526654 0.450000 0.526654 0.459375 0.520221 0.460938 0.516544 0.464062 0.514706 0.470313 0.514706 0.473438 0.512868 0.475000 0.510110 0.475000 0.493566 0.467187 0.485294 0.462500 0.481618 0.450000 0.475184 0.448437 0.472426
0 0.246875 0.499081 0.246875 0.505515 0.248438 0.506434 0.251563 0.506434 0.254688 0.508272 0.254688 0.509191 0.257812 0.511029 0.259375 0.511029 0.260937 0.511949 0.262500 0.511949 0.264062 0.512868 0.265625 0.512868 0.267188 0.511949 0.268750 0.511949 0.270313 0.511029 0.271875 0.511029 0.276562 0.508272 0.276562 0.504596 0.270313 0.500919 0.270313 0.499081 0.268750 0.498162 0.248438 0.498162
0 0.485938 0.784926 0.484375 0.785846 0.484375 0.795037 0.485938 0.795956 0.489063 0.795956 0.495312 0.799632 0.495312 0.801471 0.496875 0.802390 0.504687 0.802390 0.506250 0.801471 0.506250 0.799632 0.510938 0.796875 0.510938 0.795956 0.512500 0.795037 0.512500 0.793199 0.514062 0.792279 0.514062 0.791360 0.512500 0.790441 0.512500 0.789522 0.510938 0.788603 0.510938 0.785846 0.509375 0.784926
0 0.271875 0.635110 0.271875 0.650735 0.273438 0.651654 0.278125 0.651654 0.284375 0.647978 0.287500 0.647978 0.289062 0.647059 0.292187 0.647059 0.293750 0.646140 0.300000 0.646140 0.301563 0.645221 0.301563 0.635110 0.300000 0.634191 0.273438 0.634191
0 0.237500 0.733456 0.193750 0.733456 0.192188 0.734375 0.192188 0.737132 0.184375 0.744485 0.170313 0.752757 0.165625 0.753676 0.165625 0.768382 0.167187 0.769301 0.187500 0.769301 0.192188 0.772978 0.193750 0.779412 0.195312 0.780331 0.207813 0.780331 0.209375 0.779412 0.209375 0.776654 0.215625 0.772978 0.217188 0.770221 0.217188 0.763787 0.215625 0.762868 0.217188 0.759191 0.228125 0.753676 0.239063 0.751838 0.239063 0.734375
0 0.046875 0.550551 0.046875 0.556066 0.048438 0.556985 0.051562 0.556985 0.057813 0.560662 0.059375 0.560662 0.064062 0.562500 0.067187 0.562500 0.070312 0.564338 0.070312 0.566176 0.071875 0.567096 0.075000 0.567096 0.076563 0.566176 0.076563 0.565257 0.081250 0.562500 0.084375 0.562500 0.085938 0.561581 0.089063 0.561581 0.090625 0.560662 0.092188 0.560662 0.095312 0.558824 0.096875 0.558824 0.103125 0.555147 0.106250 0.555147 0.107813 0.554228 0.107813 0.550551 0.106250 0.549632 0.048438 0.549632
0 0.235937 0.788603 0.225000 0.788603 0.223438 0.789522 0.223438 0.792279 0.220312 0.794118 0.217188 0.794118 0.215625 0.795037 0.215625 0.808824 0.217188 0.809743 0.225000 0.809743 0.226562 0.808824 0.226562 0.806985 0.234375 0.802390 0.235937 0.802390 0.240625 0.800551 0.243750 0.800551 0.245312 0.799632 0.245312 0.795956 0.243750 0.795037 0.242188 0.795037 0.237500 0.792279 0.237500 0.789522
0 0.303125 0.653493 0.303125 0.664522 0.304688 0.665441 0.309375 0.665441 0.310937 0.666360 0.312500 0.666360 0.314063 0.667279 0.315625 0.666360 0.317188 0.666360 0.318750 0.665441 0.320312 0.665441 0.321875 0.664522 0.323437 0.664522 0.328125 0.661765 0.331250 0.661765 0.332813 0.660846 0.332813 0.658088 0.331250 0.657169 0.328125 0.657169 0.325000 0.655331 0.325000 0.653493 0.323437 0.652574 0.304688 0.652574
0 0.148438 0.476103 0.145313 0.482537 0.129688 0.489890 0.104688 0.484375 0.090625 0.486213 0.075000 0.502757 0.065625 0.506434 0.065625 0.522059 0.103125 0.536765 0.109375 0.536765 0.114062 0.533088 0.120313 0.541360 0.153125 0.556985 0.143750 0.569853 0.160938 0.570772 0.164062 0.557904 0.170313 0.555147 0.190625 0.553309 0.201563 0.557904 0.214062 0.557904 0.207813 0.556985 0.201563 0.550551 0.206250 0.535846 0.184375 0.521140 0.148438 0.524816 0.109375 0.511949 0.115625 0.504596 0.171875 0.509191 0.182812 0.515625 0.190625 0.511029 0.195312 0.504596 0.192188 0.498162 0.162500 0.476103
0 0.750000 0.961397 0.748437 0.962316 0.748437 0.964154 0.739062 0.969669 0.735938 0.969669 0.734375 0.970588 0.734375 0.999081 0.787500 0.999081 0.787500 0.997243 0.775000 0.989890 0.773438 0.988051 0.773438 0.978860 0.775000 0.977941 0.775000 0.974265 0.776563 0.973346 0.776563 0.971507 0.775000 0.970588 0.775000 0.966912 0.773438 0.965993 0.773438 0.962316 0.771875 0.961397
0 0.621875 0.704963 0.623437 0.705882 0.629687 0.705882 0.631250 0.704963 0.634375 0.704963 0.635938 0.704044 0.640625 0.704044 0.642188 0.703125 0.645312 0.703125 0.650000 0.700368 0.650000 0.699449 0.654687 0.696691 0.656250 0.696691 0.657813 0.695772 0.657813 0.690257 0.656250 0.689338 0.629687 0.689338 0.628125 0.690257 0.628125 0.692096 0.625000 0.693934 0.623437 0.693934 0.621875 0.694853
0 0.107813 0.579963 0.106250 0.579044 0.084375 0.579044 0.082812 0.579963 0.082812 0.581801 0.079687 0.583640 0.078125 0.583640 0.076563 0.584559 0.073438 0.584559 0.071875 0.585478 0.071875 0.591912 0.073438 0.592831 0.082812 0.592831 0.084375 0.591912 0.087500 0.591912 0.090625 0.590074 0.092188 0.590074 0.095312 0.588235 0.096875 0.588235 0.103125 0.584559 0.106250 0.584559 0.107813 0.583640
0 0.609375 0.465074 0.609375 0.473346 0.610938 0.474265 0.615625 0.474265 0.620313 0.472426 0.625000 0.475184 0.631250 0.477022 0.640625 0.477022 0.648438 0.480699 0.650000 0.482537 0.650000 0.485294 0.651563 0.486213 0.653125 0.485294 0.653125 0.482537 0.659375 0.478860 0.662500 0.478860 0.664062 0.477941 0.664062 0.468750 0.662500 0.467831 0.659375 0.467831 0.656250 0.465993 0.653125 0.462316 0.653125 0.458640 0.651563 0.457721 0.625000 0.457721 0.623437 0.458640 0.623437 0.460478 0.618750 0.463235 0.615625 0.464154 0.610938 0.464154
0 0.734375 0.888787 0.735938 0.889706 0.740625 0.889706 0.745313 0.891544 0.746875 0.891544 0.748437 0.890625 0.751563 0.890625 0.753125 0.889706 0.760938 0.889706 0.762500 0.888787 0.765625 0.888787 0.778125 0.882353 0.781250 0.882353 0.782813 0.881434 0.782813 0.876838 0.781250 0.875919 0.778125 0.875919 0.773438 0.873162 0.773438 0.870404 0.771875 0.869485 0.750000 0.869485 0.748437 0.870404 0.748437 0.873162 0.745313 0.875000 0.743750 0.875000 0.740625 0.876838 0.735938 0.876838 0.734375 0.877757
0 0.340625 0.620404 0.340625 0.628676 0.342187 0.629596 0.365625 0.629596 0.367188 0.628676 0.370312 0.628676 0.375000 0.625919 0.375000 0.620404 0.373437 0.619485 0.342187 0.619485
0 0.221875 0.429228 0.232813 0.431066 0.242188 0.425551 0.262500 0.419118 0.276562 0.420956 0.292187 0.412684 0.295312 0.409007 0.293750 0.406250 0.267188 0.405331 0.260937 0.402574 0.276562 0.392463 0.298438 0.398897 0.304688 0.402574 0.306250 0.407169 0.315625 0.411765 0.332813 0.407169 0.353125 0.408088 0.368750 0.397978 0.371875 0.390625 0.354687 0.382353 0.328125 0.383272 0.317188 0.376838 0.315625 0.373162 0.267188 0.373162 0.231250 0.401654 0.228125 0.408088 0.221875 0.410846
0 0.485938 0.181985 0.484375 0.182904 0.484375 0.193934 0.485938 0.194853 0.489063 0.194853 0.498437 0.200368 0.498437 0.201287 0.506250 0.205882 0.506250 0.206801 0.509375 0.208640 0.510938 0.208640 0.512500 0.209559 0.517188 0.209559 0.525000 0.204963 0.525000 0.204044 0.529687 0.201287 0.531250 0.201287 0.532813 0.200368 0.531250 0.199449 0.529687 0.199449 0.525000 0.196691 0.525000 0.194853 0.514062 0.187500 0.514062 0.186581 0.512500 0.185662 0.512500 0.182904 0.510938 0.181985
0 0.479687 0.590074 0.478125 0.590993 0.478125 0.602022 0.479687 0.602941 0.484375 0.602941 0.485938 0.603860 0.490625 0.603860 0.493750 0.602022 0.493750 0.601103 0.495312 0.600184 0.495312 0.599265 0.498437 0.597426 0.500000 0.597426 0.501563 0.596507 0.501563 0.590993 0.500000 0.590074
0 0.453125 0.723346 0.453125 0.732537 0.454688 0.733456 0.459375 0.733456 0.462500 0.735294 0.464062 0.735294 0.471875 0.738051 0.475000 0.738051 0.476562 0.738971 0.490625 0.738971 0.495312 0.737132 0.500000 0.737132 0.501563 0.736213 0.501563 0.731618 0.500000 0.730699 0.496875 0.730699 0.492188 0.727941 0.492188 0.727022 0.489063 0.725184 0.489063 0.723346 0.487500 0.722426 0.454688 0.722426
0 0.242188 0.869485 0.235937 0.869485 0.234375 0.870404 0.234375 0.889706 0.235937 0.890625 0.239063 0.890625 0.240625 0.889706 0.240625 0.887868 0.243750 0.886029 0.243750 0.885110 0.246875 0.883272 0.250000 0.883272 0.251563 0.882353 0.251563 0.876838 0.250000 0.875919 0.248438 0.875919 0.243750 0.873162 0.243750 0.870404
0 0.228125 0.767463 0.228125 0.779412 0.229687 0.780331 0.234375 0.780331 0.235937 0.779412 0.239063 0.779412 0.246875 0.774816 0.250000 0.774816 0.251563 0.773897 0.251563 0.767463 0.250000 0.766544 0.229687 0.766544
0 0.037500 0.582721 0.023438 0.582721 0.021875 0.583640 0.021875 0.599265 0.023438 0.600184 0.026562 0.600184 0.028125 0.599265 0.029687 0.599265 0.034375 0.596507 0.037500 0.596507 0.039062 0.595588 0.039062 0.583640