0 0.470313 0.479779 0.468750 0.480699 0.468750 0.482537 0.464062 0.485294 0.460938 0.485294 0.459375 0.486213 0.459375 0.505515 0.460938 0.506434 0.464062 0.506434 0.467187 0.508272 0.467187 0.509191 0.475000 0.513787 0.478125 0.514706 0.490625 0.514706 0.492188 0.513787 0.496875 0.513787 0.501563 0.511029 0.506250 0.505515 0.509375 0.503676 0.512500 0.503676 0.514062 0.502757 0.514062 0.498162 0.512500 0.497243 0.509375 0.497243 0.501563 0.492647 0.500000 0.489890 0.493750 0.486213 0.492188 0.480699 0.490625 0.479779
0 0.103125 0.451287 0.103125 0.474265 0.104688 0.475184 0.120313 0.475184 0.126562 0.470588 0.129688 0.470588 0.131250 0.471507 0.139063 0.471507 0.145313 0.469669 0.153125 0.465074 0.156250 0.465074 0.157812 0.464154 0.157812 0.455882 0.156250 0.454963 0.153125 0.454963 0.143750 0.449449 0.143750 0.447610 0.142187 0.446691 0.110937 0.446691 0.109375 0.448529
0 0.534375 0.590993 0.534375 0.600184 0.537500 0.601103 0.542188 0.603860 0.542188 0.608456 0.543750 0.610294 0.548438 0.613051 0.551562 0.613971 0.568750 0.613971 0.570312 0.614890 0.578125 0.613971 0.587500 0.607537 0.587500 0.606618 0.590625 0.604779 0.593750 0.604779 0.595313 0.603860 0.595313 0.598346 0.593750 0.597426 0.589063 0.597426 0.579688 0.594669 0.573438 0.594669 0.570312 0.593750 0.565625 0.590074 0.535937 0.590074
0 0.171875 0.402574 0.145313 0.402574 0.143750 0.403493 0.143750 0.405331 0.140625 0.407169 0.137500 0.407169 0.131250 0.409007 0.123438 0.409007 0.121875 0.409926 0.121875 0.424632 0.123438 0.425551 0.126562 0.425551 0.131250 0.428309 0.131250 0.429228 0.135937 0.431985 0.137500 0.434743 0.146875 0.441176 0.153125 0.441176 0.162500 0.438419 0.168750 0.434743 0.168750 0.431066 0.170313 0.430147 0.170313 0.427390 0.171875 0.425551 0.181250 0.421875 0.187500 0.421875 0.189062 0.420956 0.189062 0.412684 0.187500 0.411765 0.182812 0.411765 0.173437 0.406250 0.173437 0.403493
0 0.567187 0.266544 0.565625 0.269301 0.551562 0.277574 0.546875 0.278493 0.546875 0.306066 0.548438 0.306985 0.554688 0.306985 0.565625 0.305147 0.573438 0.306985 0.584375 0.313419 0.596875 0.313419 0.603125 0.311581 0.618750 0.303309 0.620313 0.298713 0.615625 0.292279 0.617188 0.291360 0.617188 0.288603 0.623437 0.284007 0.623437 0.282169 0.617188 0.276654 0.606250 0.270221 0.606250 0.267463 0.604688 0.266544
0 0.509375 0.865809 0.509375 0.874081 0.510938 0.875000 0.515625 0.875000 0.526563 0.877757 0.534375 0.882353 0.537500 0.882353 0.539062 0.883272 0.540625 0.883272 0.556250 0.874081 0.593750 0.873162 0.595313 0.872243 0.595313 0.864890 0.593750 0.863971 0.590625 0.863971 0.587500 0.862132 0.587500 0.861213 0.582812 0.858456 0.582812 0.855699 0.581250 0.854779 0.529687 0.854779 0.528125 0.855699 0.528125 0.857537 0.520312 0.862132 0.518750 0.862132 0.514062 0.864890 0.510938 0.864890
0 0.717187 0.737132 0.715625 0.738051 0.715625 0.760110 0.717187 0.761029 0.721875 0.761029 0.723437 0.761949 0.735938 0.761949 0.737500 0.761029 0.740625 0.761029 0.743750 0.759191 0.743750 0.758272 0.748437 0.755515 0.750000 0.755515 0.751563 0.754596 0.751563 0.746324 0.750000 0.745404 0.746875 0.745404 0.737500 0.739890 0.737500 0.738051 0.735938 0.737132
0 0.710938 0.700368 0.709375 0.701287 0.709375 0.719669 0.710938 0.720588 0.714063 0.720588 0.723437 0.726103 0.723437 0.727022 0.725000 0.727941 0.725000 0.729779 0.728125 0.731618 0.734375 0.731618 0.737500 0.729779 0.737500 0.727941 0.742188 0.725184 0.743750 0.725184 0.745313 0.724265 0.745313 0.710478 0.743750 0.709559 0.740625 0.709559 0.737500 0.707721 0.737500 0.706801 0.735938 0.705882 0.734375 0.705882 0.731250 0.704044 0.731250 0.701287 0.729688 0.700368
0 0.578125 0.741728 0.578125 0.754596 0.579688 0.755515 0.584375 0.755515 0.589063 0.758272 0.592187 0.758272 0.593750 0.759191 0.595313 0.759191 0.606250 0.752757 0.606250 0.751838 0.609375 0.750000 0.612500 0.750000 0.614062 0.749081 0.614062 0.741728 0.612500 0.740809 0.579688 0.740809
0 0.981250 0.211397 0.967187 0.211397 0.965625 0.212316 0.965625 0.218750 0.945312 0.237132 0.945312 0.240809 0.950000 0.246324 0.948438 0.250919 0.920312 0.266544 0.915625 0.267463 0.915625 0.282169 0.917188 0.283088 0.928125 0.282169 0.948438 0.266544 0.964063 0.259191 0.982812 0.254596 0.982812 0.212316
0 0.909375 0.370404 0.909375 0.379596 0.910937 0.380515 0.914062 0.380515 0.918750 0.383272 0.920312 0.383272 0.926562 0.386029 0.929688 0.386029 0.931250 0.385110 0.935937 0.384191 0.939063 0.382353 0.942187 0.382353 0.943750 0.381434 0.946875 0.381434 0.948438 0.380515 0.956250 0.379596 0.964063 0.376838 0.968750 0.376838 0.970313 0.375919 0.970313 0.373162 0.968750 0.372243 0.964063 0.372243 0.960938 0.370404 0.959375 0.370404 0.956250 0.368566 0.956250 0.366728 0.954688 0.365809 0.918750 0.365809 0.914062 0.369485 0.910937 0.369485
0 0.510938 0.450368 0.509375 0.451287 0.509375 0.466912 0.510938 0.467831 0.518750 0.467831 0.520312 0.468750 0.521875 0.468750 0.523438 0.467831 0.526563 0.467831 0.528125 0.466912 0.529687 0.466912 0.531250 0.465993 0.531250 0.465074 0.535937 0.462316 0.537500 0.462316 0.539062 0.461397 0.539062 0.451287 0.537500 0.450368
0 0.935937 0.428309 0.934375 0.429228 0.934375 0.438419 0.935937 0.439338 0.940625 0.439338 0.948438 0.443934 0.948438 0.444853 0.950000 0.445772 0.951562 0.448529 0.954688 0.450368 0.954688 0.451287 0.957812 0.454044 0.959375 0.454044 0.962500 0.452206 0.965625 0.452206 0.967187 0.451287 0.968750 0.451287 0.975000 0.447610 0.975000 0.446691 0.976562 0.445772 0.976562 0.443934 0.978125 0.443015 0.975000 0.440257 0.975000 0.438419 0.962500 0.431066 0.962500 0.429228 0.960938 0.428309
0 0.334375 0.626838 0.306250 0.626838 0.304688 0.627757 0.304688 0.634191 0.295312 0.639706 0.292187 0.639706 0.290625 0.640625 0.290625 0.661765 0.292187 0.662684 0.303125 0.662684 0.309375 0.658088 0.318750 0.658088 0.320312 0.657169 0.323437 0.657169 0.326562 0.655331 0.337500 0.651654 0.348438 0.645221 0.351562 0.644301 0.351562 0.640625 0.350000 0.639706 0.346875 0.639706 0.343750 0.637868 0.342187 0.635110 0.337500 0.632353 0.335938 0.630515 0.335938 0.627757
0 0.254688 0.090074 0.228125 0.090074 0.226562 0.093750 0.204687 0.104779 0.204687 0.118566 0.220312 0.129596 0.203125 0.136949 0.193750 0.145221 0.178125 0.152574 0.178125 0.162684 0.192188 0.170037 0.200000 0.178309 0.203125 0.188419 0.209375 0.187500 0.212500 0.179228 0.226562 0.172794 0.243750 0.171875 0.264062 0.159007 0.287500 0.155331 0.295312 0.151654 0.307812 0.155331 0.314063 0.155331 0.320312 0.151654 0.298438 0.126838 0.284375 0.117647 0.267188 0.110294 0.264062 0.098346
0 0.184375 0.165441 0.192188 0.168199 0.198437 0.180147 0.200000 0.181066 0.207813 0.181066 0.212500 0.172794 0.218750 0.169118 0.226562 0.168199 0.237500 0.172794 0.243750 0.171875 0.264062 0.158088 0.281250 0.156250 0.282813 0.155331 0.282813 0.148897 0.278125 0.147978 0.268750 0.142463 0.253125 0.138787 0.248438 0.134191 0.203125 0.134191 0.196875 0.143382 0.189062 0.147978 0.184375 0.148897
0 0.165625 0.767463 0.165625 0.795956 0.167187 0.796875 0.173437 0.796875 0.175000 0.797794 0.187500 0.797794 0.190625 0.796875 0.203125 0.789522 0.204687 0.789522 0.207813 0.787684 0.218750 0.787684 0.220312 0.786765 0.220312 0.784926 0.218750 0.784007 0.215625 0.784007 0.212500 0.782169 0.212500 0.781250 0.207813 0.778493 0.207813 0.777574 0.201563 0.772978 0.201563 0.767463 0.200000 0.766544 0.167187 0.766544
0 0.371875 0.102941 0.373437 0.103860 0.390625 0.103860 0.392188 0.102941 0.392188 0.100184 0.393750 0.098346 0.403125 0.091912 0.404687 0.091912 0.409375 0.089154 0.412500 0.089154 0.420312 0.086397 0.425000 0.086397 0.426563 0.085478 0.426563 0.083640 0.425000 0.082721 0.421875 0.082721 0.407813 0.074449 0.407813 0.072610 0.406250 0.071691 0.373437 0.071691 0.371875 0.072610
0 0.948438 0.810662 0.946875 0.811581 0.946875 0.821691 0.948438 0.822610 0.951562 0.822610 0.959375 0.827206 0.960938 0.827206 0.964063 0.829044 0.964063 0.830882 0.965625 0.831801 0.971875 0.831801 0.973437 0.830882 0.973437 0.828125 0.979688 0.824449 0.981250 0.824449 0.982812 0.823529 0.982812 0.821691 0.981250 0.820772 0.978125 0.820772 0.965625 0.813419 0.965625 0.811581 0.964063 0.810662
0 0.053125 0.683824 0.054688 0.684743 0.064062 0.684743 0.065625 0.683824 0.065625 0.681985 0.076563 0.675551 0.079687 0.675551 0.081250 0.674632 0.084375 0.674632 0.085938 0.673713 0.090625 0.673713 0.092188 0.672794 0.100000 0.671875 0.101562 0.670956 0.101562 0.664522 0.100000 0.663603 0.054688 0.663603 0.053125 0.664522
0 0.478125 0.568934 0.478125 0.590074 0.479687 0.590993 0.484375 0.590993 0.489063 0.592831 0.492188 0.592831 0.496875 0.596507 0.507812 0.596507 0.509375 0.595588 0.509375 0.594669 0.514062 0.591912 0.515625 0.591912 0.521875 0.589154 0.525000 0.589154 0.526563 0.588235 0.526563 0.587316 0.525000 0.586397 0.521875 0.586397 0.501563 0.574449 0.501563 0.572610 0.500000 0.571691 0.500000 0.568934 0.498437 0.568015 0.479687 0.568015
0 0.626563 0.027574 0.618750 0.024816 0.612500 0.016544 0.595313 0.016544 0.593750 0.020221 0.557813 0.040441 0.554688 0.045956 0.557813 0.051471 0.553125 0.054228 0.531250 0.045037 0.514062 0.028493 0.507812 0.027574 0.485938 0.032169 0.434375 0.061581 0.434375 0.087316 0.479687 0.088235 0.498437 0.094669 0.518750 0.089154 0.531250 0.093750 0.551562 0.090074 0.562500 0.103860 0.571875 0.091912 0.578125 0.088235 0.593750 0.085478 0.598437 0.081801 0.618750 0.047794 0.626563 0.044118
0 0.512500 0.686581 0.510938 0.685662 0.495312 0.685662 0.490625 0.690257 0.484375 0.690257 0.479687 0.685662 0.451562 0.685662 0.446875 0.690257 0.435937 0.690257 0.434375 0.691176 0.434375 0.704044 0.439063 0.704963 0.446875 0.710478 0.443750 0.712316 0.440625 0.711397 0.434375 0.712316 0.434375 0.724265 0.440625 0.725184 0.442188 0.721507 0.448437 0.718750 0.464062 0.717831 0.468750 0.719669 0.478125 0.719669 0.482812 0.717831 0.498437 0.708640 0.504687 0.706801 0.510938 0.703125 0.514062 0.696691
0 0.753125 0.397059 0.754687 0.409007 0.760938 0.408088 0.776563 0.400735 0.785937 0.400735 0.801562 0.404412 0.837500 0.404412 0.853125 0.402574 0.864062 0.406250 0.887500 0.407169 0.889062 0.386029 0.882812 0.385110 0.864062 0.391544 0.845313 0.381434 0.843750 0.376838 0.826562 0.376838 0.825000 0.380515 0.815625 0.385110 0.810937 0.384191 0.801562 0.376838 0.784375 0.376838 0.767188 0.391544
0 0.859375 0.554228 0.859375 0.569853 0.860938 0.570772 0.873437 0.570772 0.875000 0.569853 0.875000 0.568934 0.879687 0.566176 0.881250 0.566176 0.882812 0.565257 0.887500 0.565257 0.889062 0.564338 0.889062 0.554228 0.887500 0.553309 0.860938 0.553309
0 0.370312 0.251838 0.368750 0.252757 0.368750 0.256434 0.370312 0.257353 0.370312 0.259191 0.368750 0.260110 0.368750 0.261029 0.367188 0.261949 0.367188 0.262868 0.371875 0.265625 0.371875 0.268382 0.370312 0.269301 0.373437 0.271140 0.375000 0.271140 0.376563 0.272059 0.381250 0.272059 0.382812 0.271140 0.382812 0.252757 0.381250 0.251838
0 0.292187 0.251838 0.282813 0.262868 0.279687 0.275735 0.273438 0.284007 0.265625 0.286765 0.265625 0.309743 0.323437 0.330882 0.318750 0.352022 0.332813 0.356618 0.339062 0.364890 0.353125 0.364890 0.357812 0.355699 0.350000 0.350184 0.351562 0.344669 0.357812 0.340993 0.367188 0.340074 0.371875 0.342831 0.375000 0.340074 0.350000 0.324449 0.332813 0.319853 0.325000 0.314338 0.323437 0.306985 0.309375 0.292279 0.312500 0.281250 0.325000 0.272978 0.320312 0.258272 0.315625 0.251838
0 0.359375 0.176471 0.359375 0.182904 0.360938 0.183824 0.379688 0.182904 0.385937 0.185662 0.387500 0.189338 0.393750 0.193015 0.409375 0.192096 0.414062 0.193934 0.417187 0.193934 0.426563 0.190257 0.435937 0.189338 0.442188 0.185662 0.443750 0.181985 0.451562 0.178309 0.451562 0.168199 0.443750 0.164522 0.439063 0.159926 0.439063 0.157169 0.437500 0.156250 0.393750 0.156250 0.392188 0.157169 0.392188 0.159926 0.384375 0.164522 0.373437 0.168199 0.367188 0.172794
0 0.629687 0.560662 0.618750 0.560662 0.617188 0.561581 0.615625 0.566176 0.607812 0.570772 0.606250 0.570772 0.603125 0.572610 0.598437 0.572610 0.596875 0.573529 0.596875 0.584559 0.598437 0.585478 0.601562 0.585478 0.609375 0.590074 0.609375 0.591912 0.610938 0.592831 0.615625 0.592831 0.617188 0.591912 0.617188 0.590993 0.623437 0.587316 0.625000 0.587316 0.634375 0.581801 0.634375 0.580882 0.637500 0.579044 0.637500 0.577206 0.639062 0.576287 0.639062 0.572610 0.637500 0.571691 0.637500 0.569853 0.634375 0.568015 0.634375 0.567096 0.631250 0.564338 0.631250 0.561581
0 0.843750 0.450368 0.842187 0.453125 0.834375 0.455882 0.834375 0.478860 0.840625 0.479779 0.846875 0.486213 0.864062 0.495404 0.867188 0.495404 0.878125 0.500000 0.885938 0.500919 0.895312 0.500000 0.900000 0.504596 0.909375 0.504596 0.918750 0.493566 0.926562 0.489890 0.932813 0.488971 0.932813 0.480699 0.925000 0.477941 0.925000 0.470588 0.932813 0.466912 0.926562 0.464154 0.918750 0.451287 0.896875 0.450368 0.895312 0.454044 0.889062 0.458640 0.875000 0.461397 0.871875 0.459559 0.870313 0.450368
0 0.028125 0.502757 0.028125 0.506434 0.032813 0.507353 0.037500 0.510110 0.042188 0.515625 0.042188 0.517463 0.048438 0.522059 0.051562 0.522978 0.064062 0.522059 0.067187 0.523897 0.064062 0.525735 0.060937 0.530331 0.064062 0.533088 0.068750 0.533088 0.075000 0.531250 0.085938 0.531250 0.100000 0.527574 0.107813 0.522978 0.112500 0.522978 0.114062 0.522059 0.114062 0.519301 0.109375 0.518382 0.106250 0.516544 0.104688 0.513787 0.090625 0.505515 0.090625 0.502757 0.089063 0.501838 0.029687 0.501838
0 0.078125 0.539522 0.078125 0.554228 0.079687 0.555147 0.084375 0.555147 0.085938 0.556066 0.089063 0.556066 0.100000 0.558824 0.106250 0.558824 0.120313 0.565257 0.128125 0.565257 0.131250 0.564338 0.142187 0.557904 0.146875 0.556985 0.151562 0.553309 0.148438 0.548713 0.135937 0.542279 0.135937 0.539522 0.134375 0.538603 0.079687 0.538603
0 0.825000 0.582721 0.792188 0.582721 0.790625 0.583640 0.790625 0.613971 0.792188 0.614890 0.804688 0.614890 0.806250 0.613971 0.806250 0.611213 0.809375 0.609375 0.810937 0.609375 0.814063 0.607537 0.823438 0.604779 0.829688 0.601103 0.832812 0.600184 0.837500 0.600184 0.839063 0.599265 0.839063 0.590993 0.837500 0.590074 0.834375 0.590074 0.826562 0.585478 0.826562 0.583640
0 0.671875 0.888787 0.671875 0.897978 0.673438 0.898897 0.679688 0.898897 0.684375 0.900735 0.687500 0.900735 0.689063 0.901654 0.690625 0.901654 0.693750 0.903493 0.698438 0.903493 0.700000 0.904412 0.707812 0.904412 0.712500 0.902574 0.718750 0.902574 0.720313 0.901654 0.720313 0.893382 0.718750 0.892463 0.715625 0.892463 0.712500 0.890625 0.712500 0.888787 0.710938 0.887868 0.673438 0.887868
0 0.498437 0.237132 0.496875 0.238051 0.496875 0.272978 0.498437 0.273897 0.501563 0.273897 0.507812 0.277574 0.507812 0.278493 0.514062 0.281250 0.520312 0.279412 0.529687 0.279412 0.532813 0.281250 0.537500 0.280331 0.540625 0.278493 0.540625 0.276654 0.543750 0.272978 0.543750 0.270221 0.545312 0.269301 0.543750 0.268382 0.543750 0.262868 0.540625 0.259191 0.540625 0.255515 0.526563 0.248162 0.526563 0.241728 0.528125 0.240809 0.528125 0.238051 0.526563 0.237132
0 0.609375 0.252757 0.609375 0.261029 0.610938 0.261949 0.614062 0.261949 0.620313 0.265625 0.629687 0.273897 0.637500 0.276654 0.648438 0.283088 0.651563 0.284007 0.657813 0.282169 0.662500 0.279412 0.671875 0.277574 0.676562 0.274816 0.681250 0.274816 0.682813 0.273897 0.682813 0.265625 0.681250 0.264706 0.678125 0.264706 0.675000 0.261949 0.664062 0.256434 0.657813 0.256434 0.650000 0.261949 0.645312 0.262868 0.635938 0.258272 0.635938 0.257353 0.631250 0.254596 0.631250 0.252757 0.629687 0.251838 0.610938 0.251838
0 0.339062 0.186581 0.337500 0.185662 0.268750 0.185662 0.267188 0.188419 0.253125 0.193934 0.240625 0.194853 0.232813 0.199449 0.228125 0.200368 0.228125 0.223346 0.234375 0.224265 0.253125 0.234375 0.256250 0.233456 0.270313 0.234375 0.285938 0.225184 0.303125 0.224265 0.310937 0.218750 0.318750 0.206801 0.325000 0.203125 0.334375 0.204044 0.339062 0.203125
0 0.793750 0.379596 0.785937 0.379596 0.784375 0.380515 0.782813 0.380515 0.776563 0.384191 0.776563 0.385110 0.770312 0.388787 0.770312 0.389706 0.756250 0.397978 0.754687 0.397978 0.753125 0.398897 0.753125 0.399816 0.751563 0.400735 0.751563 0.404412 0.750000 0.405331 0.753125 0.407169 0.760938 0.407169 0.762500 0.406250 0.764062 0.406250 0.768750 0.403493 0.770312 0.403493 0.775000 0.401654 0.785937 0.401654 0.787500 0.402574 0.793750 0.402574 0.795312 0.401654 0.795312 0.380515
0 0.757812 0.318015 0.731250 0.318015 0.721875 0.325368 0.701562 0.328125 0.690625 0.343750 0.675000 0.339154 0.662500 0.339154 0.626563 0.361213 0.598437 0.361213 0.582812 0.367647 0.576562 0.359375 0.567187 0.360294 0.565625 0.386029 0.587500 0.382353 0.596875 0.391544 0.601562 0.409007 0.610938 0.412684 0.617188 0.405331 0.603125 0.391544 0.604688 0.384191 0.620313 0.377757 0.635938 0.377757 0.650000 0.390625 0.646875 0.405331 0.664062 0.407169 0.670312 0.401654 0.668750 0.386949 0.687500 0.372243 0.715625 0.368566 0.743750 0.369485 0.764062 0.355699 0.782813 0.350184 0.785937 0.339154 0.765625 0.327206
0 0.215625 0.668199 0.215625 0.681985 0.217188 0.682904 0.221875 0.682904 0.223438 0.683824 0.226562 0.683824 0.228125 0.684743 0.229687 0.683824 0.237500 0.683824 0.243750 0.680147 0.245312 0.680147 0.246875 0.679228 0.250000 0.679228 0.251563 0.678309 0.251563 0.673713 0.250000 0.672794 0.246875 0.672794 0.242188 0.670037 0.242188 0.668199 0.240625 0.667279 0.217188 0.667279
0 0.871875 0.388787 0.871875 0.397059 0.873437 0.397978 0.878125 0.397978 0.881250 0.399816 0.882812 0.399816 0.884375 0.400735 0.890625 0.400735 0.892188 0.399816 0.893750 0.399816 0.896875 0.397978 0.900000 0.397978 0.901563 0.397059 0.901563 0.388787 0.900000 0.387868 0.873437 0.387868
0 0.060937 0.715074 0.023438 0.715074 0.021875 0.715993 0.021875 0.730699 0.023438 0.731618 0.032813 0.732537 0.037500 0.736213 0.035937 0.738971 0.028125 0.743566 0.023438 0.743566 0.021875 0.744485 0.021875 0.759191 0.023438 0.760110 0.026562 0.760110 0.040625 0.749081 0.046875 0.745404 0.059375 0.743566 0.062500 0.741728 0.067187 0.740809 0.073438 0.737132 0.082812 0.734375 0.082812 0.726103 0.078125 0.725184 0.062500 0.717831
0 0.531250 0.545956 0.506250 0.545956 0.504687 0.548713 0.495312 0.554228 0.481250 0.556066 0.478125 0.560662 0.478125 0.564338 0.471875 0.568934 0.468750 0.575368 0.465625 0.577206 0.459375 0.578125 0.459375 0.584559 0.470313 0.586397 0.484375 0.591912 0.495312 0.594669 0.507812 0.594669 0.517188 0.591912 0.521875 0.589154 0.521875 0.586397 0.506250 0.577206 0.503125 0.574449 0.503125 0.570772 0.510938 0.566176 0.525000 0.554228 0.532813 0.551471 0.532813 0.546875
0 0.343750 0.884191 0.323437 0.884191 0.321875 0.885110 0.321875 0.889706 0.314063 0.894301 0.310937 0.894301 0.309375 0.895221 0.309375 0.904412 0.310937 0.905331 0.314063 0.905331 0.317188 0.907169 0.317188 0.908088 0.320312 0.910846 0.326562 0.910846 0.328125 0.909926 0.328125 0.909007 0.329688 0.908088 0.329688 0.906250 0.331250 0.905331 0.331250 0.900735 0.332813 0.899816 0.332813 0.898897 0.342187 0.893382 0.343750 0.893382 0.345313 0.892463 0.345313 0.885110
0 0.981250 0.218750 0.964063 0.218750 0.962500 0.219669 0.962500 0.222426 0.960938 0.223346 0.960938 0.224265 0.951562 0.229779 0.948438 0.229779 0.946875 0.230699 0.946875 0.248162 0.948438 0.249081 0.953125 0.249081 0.957812 0.251838 0.957812 0.253676 0.959375 0.254596 0.968750 0.254596 0.970313 0.253676 0.970313 0.252757 0.978125 0.248162 0.981250 0.248162 0.982812 0.247243 0.982812 0.219669
0 0.331250 0.718750 0.301563 0.718750 0.300000 0.719669 0.300000 0.722426 0.282813 0.732537 0.260937 0.735294 0.259375 0.736213 0.259375 0.752757 0.260937 0.753676 0.270313 0.753676 0.285938 0.761949 0.285938 0.764706 0.287500 0.765625 0.296875 0.765625 0.298438 0.764706 0.298438 0.761949 0.292187 0.759191 0.295312 0.755515 0.306250 0.750000 0.329688 0.743566 0.334375 0.738971 0.334375 0.736213 0.337500 0.732537 0.337500 0.727941 0.334375 0.725184
0 0.657813 0.387868 0.656250 0.388787 0.656250 0.393382 0.654687 0.394301 0.654687 0.395221 0.651563 0.397059 0.648438 0.397059 0.646875 0.397978 0.646875 0.406250 0.648438 0.407169 0.651563 0.407169 0.653125 0.408088 0.667188 0.408088 0.671875 0.405331 0.675000 0.405331 0.676562 0.404412 0.676562 0.396140 0.675000 0.395221 0.671875 0.395221 0.668750 0.393382 0.668750 0.392463 0.667188 0.391544 0.667188 0.388787 0.665625 0.387868